61 404
42 5 31500
21 46 16996
48 2 21281
54 45 16993
43 13 32296
54 43 25485
22 17 22407
16 54 705
58 27 23385
27 48 18030
28 31 7187
36 8 19170
30 49 28092
61 3 29546
35 32 10719
49 40 3275
50 42 31616
21 35 8898
10 16 1201
57 37 3472
1 26 30629
17 45 7614
40 21 31570
3 27 15259
60 13 30712
52 22 7454
43 31 16944
33 40 12347
54 52 6990
46 34 20675
17 54 13366
28 59 10348
39 4 23551
18 23 31897
29 48 21995
22 25 232
24 57 2725
24 6 22215
37 4 30409
20 19 367
7 59 27926
46 14 4889
18 41 3295
45 34 850
9 33 15774
42 9 18349
34 30 9898
29 21 16198
39 9 1665
57 18 5852
11 2 3887
58 27 20070
61 10 5552
46 7 19050
24 5 92
49 30 10888
11 43 1225
39 18 19441
31 58 32672
35 17 14789
52 5 4436
9 47 9867
11 18 16584
20 26 12610
26 38 16700
52 59 32190
4 18 11036
18 31 23364
49 12 3979
17 51 9644
35 61 23738
51 2 3187
60 23 7530
31 54 18554
24 51 18482
28 15 21613
20 30 9048
31 61 17664
40 55 18529
20 26 17883
18 15 26855
23 25 5775
6 34 6170
51 54 15493
4 57 23118
52 27 29091
46 38 27051
48 21 9555
17 13 8943
37 11 24294
45 23 5362
41 8 15825
55 31 22289
61 25 6668
57 58 1874
28 6 12602
30 53 7211
45 38 4269
61 56 26699
12 8 17427
60 17 7508
13 60 2001
36 27 27942
37 22 20494
8 15 554
54 26 1281
15 33 4617
48 2 26400
29 14 28029
34 26 30333
42 25 9722
2 26 10413
24 23 30429
55 61 15055
2 25 25387
35 33 21900
34 29 31233
23 28 5929
45 15 17220
2 41 31744
54 41 17206
34 17 6142
21 26 7923
60 31 13299
55 29 1291
52 10 14302
22 51 25777
9 35 26484
61 39 826
47 50 29636
61 55 17572
30 48 28296
6 15 520
22 44 972
59 47 8072
44 22 13292
38 23 28506
48 15 21989
23 33 3433
14 41 19291
40 42 16548
6 60 17558
22 29 27237
3 37 13917
42 27 3741
12 16 31980
18 37 5627
42 53 20105
48 31 18270
45 53 25948
48 50 10274
48 26 31634
41 51 2853
52 20 9720
45 5 9383
48 58 6289
42 28 3400
43 28 15829
23 48 18635
57 59 5268
27 24 13686
40 28 20923
42 59 20252
42 22 6759
14 15 32053
52 14 8206
4 12 17811
25 15 19362
5 10 17816
11 10 17916
9 19 20975
48 30 23283
26 22 8511
23 5 16871
2 9 81
47 58 4524
26 15 20116
2 38 24340
13 3 30743
16 1 3215
54 33 24131
33 36 30357
23 3 13052
40 10 15320
37 59 16890
41 55 12660
17 19 4720
17 55 14163
4 31 24624
15 27 31299
16 53 25599
25 9 21579
57 2 1925
21 59 13927
23 61 25829
48 11 29835
19 39 19295
56 1 7431
29 22 18482
42 19 14941
35 6 24990
3 49 26845
20 32 1970
56 38 31655
21 8 4569
24 56 9441
31 53 12652
45 9 17220
19 15 24752
31 11 11082
13 20 21260
41 9 3236
46 43 5719
6 44 1221
59 49 16015
21 44 5538
26 4 27743
20 8 9204
61 5 5168
34 15 25252
25 6 28358
54 51 14633
19 31 15763
50 44 20729
30 57 23617
7 49 6755
60 1 17967
38 53 21358
41 4 4553
56 44 31625
46 52 15617
35 36 13618
27 46 19811
30 55 28267
39 6 21304
60 61 9454
55 41 27706
42 3 18428
1 53 28110
27 43 8883
51 35 6074
15 28 19634
34 57 12930
47 7 29894
49 27 28865
26 49 6622
18 40 19679
28 57 12508
58 25 9675
10 31 20821
23 19 32149
21 3 7274
29 2 4848
58 47 30777
12 35 11006
9 28 16276
31 16 21252
14 33 30985
47 21 14799
15 43 27727
28 8 13998
51 10 14396
36 21 28979
23 16 24862
42 19 28925
25 39 22578
33 26 13244
30 1 31608
38 10 14167
14 19 10316
17 48 14350
27 26 9436
31 12 4527
51 8 20878
50 49 30312
52 1 28589
27 15 29410
44 22 31993
40 11 27300
11 41 15343
17 49 10475
14 7 3810
13 50 8580
54 24 24640
37 42 23111
53 4 31889
43 44 317
61 5 4888
11 8 15524
29 57 6173
14 56 6468
45 58 4164
53 12 28881
25 44 28294
29 58 1368
31 12 13984
52 38 12258
53 43 5139
46 58 12239
42 27 6675
5 51 13729
49 35 31470
55 29 32549
1 42 17872
36 20 5181
17 8 12285
41 32 15041
32 9 10954
47 13 23853
55 53 6658
11 47 13066
1 47 30328
16 6 19300
17 44 5877
2 20 30890
10 57 19914
24 53 23227
44 30 5025
44 10 12064
56 61 10346
57 61 30874
35 56 31100
54 39 18059
31 6 18487
10 37 14824
17 21 3788
54 56 10421
50 3 2302
56 51 16949
24 36 9463
43 3 9565
11 43 1146
34 8 18470
46 9 12585
9 27 10697
28 42 18062
40 41 25376
7 18 11051
32 14 3980
37 36 3521
24 41 3639
29 6 20098
2 41 3732
18 49 21498
8 43 3160
60 10 6599
36 48 7798
7 3 7036
36 53 6581
20 57 10309
39 28 21244
40 43 15395
51 61 5745
58 22 16857
41 18 32751
10 1 11488
31 36 5772
8 50 15621
45 15 12321
3 17 1394
34 37 784
35 11 3925
3 32 15294
46 4 13414
57 7 14460
6 42 10230
35 44 2516
38 40 9552
33 39 20081
15 48 28819
4 37 18719
54 48 21322
41 15 29850
35 20 4210
13 40 11289
42 35 941
31 28 4320
16 34 19919
21 33 29761
11 4 9486
48 37 2766
45 3 10616
36 56 22699
27 15 3708
10 8 28737
15 6 4265
37 38 5064
39 43 6903
29 9 24404
37 56 16681
7 32 9334
47 1 23859
22 56 24971
36 49 15269
5 13 3658
34 57 26509
31 38 9277
55 49 24652
57 53 9500
6 32 25677
55 51 14919
4 8 4523
38 24 12244
25 19 31261
4
40 20
46 24
53 59
53 3
121 517
54 114 14331
18 58 12790
74 54 30569
76 12 15697
10 120 27811
112 4 10556
40 106 11140
91 34 11805
95 5 23039
110 74 11038
100 42 11543
65 14 10366
49 5 3364
62 49 8274
7 23 26574
63 32 631
66 103 56
92 10 5028
112 91 32336
42 114 28894
30 1 9294
119 32 30655
121 10 32182
51 37 26950
10 45 7557
30 59 8247
4 25 10572
1 63 29993
66 87 3427
61 22 14809
69 35 23174
103 35 25177
41 108 1902
88 74 20022
23 81 12612
115 113 31913
45 75 3084
112 37 7788
93 118 4170
58 115 15574
4 66 9628
35 94 24887
49 30 8698
69 10 6331
86 75 980
57 34 12344
30 45 24915
117 82 24756
113 52 12636
23 34 12420
106 83 25390
24 73 22098
33 65 16300
8 35 17008
74 10 23478
39 48 26688
31 55 1314
8 1 17563
31 57 7208
101 60 14978
34 70 9669
20 52 24207
113 5 28929
86 10 5149
89 118 21211
16 65 3551
55 38 12044
118 43 14902
60 77 31422
83 16 10769
59 20 30481
3 76 15215
76 92 5754
117 50 14983
31 20 18815
35 98 14593
119 36 9335
1 89 15565
23 63 29523
105 37 12403
49 106 12710
112 1 15606
20 62 19550
59 23 31131
76 54 24558
17 102 14392
15 27 8408
42 45 13526
68 92 5592
74 88 9670
86 109 4645
31 13 9603
8 58 17273
76 69 16877
49 115 31462
80 104 13509
87 14 26784
4 109 30578
110 19 8771
100 70 6264
102 66 18497
42 30 810
24 106 19062
102 64 23155
19 30 29984
113 90 11737
4 108 26267
93 95 15360
41 4 9152
44 83 14416
39 92 950
63 49 12696
1 67 28045
34 116 21953
12 19 12549
101 57 29411
24 12 29000
119 13 20581
67 23 29575
106 2 23279
3 21 31923
100 119 13392
110 24 4300
115 117 5294
56 42 11134
109 84 7315
58 108 15615
84 23 20405
4 88 10096
103 102 32403
95 50 30768
43 95 31027
35 83 30169
59 90 4008
4 26 9958
65 64 13615
111 20 32311
118 76 8441
105 37 12772
103 111 5125
37 22 13862
23 57 3478
75 86 14650
10 56 16418
43 94 7820
18 71 5846
9 86 9871
18 88 8191
72 23 32261
4 51 19187
106 102 10925
63 114 10331
8 41 1164
87 106 20963
81 2 29261
46 52 23228
37 61 17515
38 62 15480
8 103 7715
18 97 11303
90 37 11364
81 110 12730
58 72 18989
87 29 20509
106 82 28448
41 84 5764
10 83 12343
2 80 9177
71 27 983
112 40 2909
84 39 12722
16 19 13769
107 53 11328
42 34 23704
10 14 21686
94 65 9545
60 26 11195
105 77 16558
40 27 84
28 38 22182
66 31 7100
66 98 218
93 114 1056
70 1 14162
100 72 2426
106 46 26614
35 32 14078
36 3 3683
96 5 18648
30 77 5013
31 40 14636
18 10 5457
103 77 10387
9 6 865
10 31 9616
44 48 21744
5 115 29613
18 8 693
71 35 15938
118 73 683
92 49 27672
17 65 18558
17 103 24668
61 72 23042
61 35 10918
88 21 26958
105 30 19201
75 41 11846
43 94 4144
37 32 30657
92 89 1451
21 91 12434
24 72 13317
96 24 28436
6 93 29113
15 86 9740
41 70 31637
52 106 17410
83 108 21304
87 53 2653
68 102 18269
14 73 14305
33 47 23792
72 9 23149
29 97 24853
24 75 18941
36 117 2993
120 102 867
77 85 5912
25 89 25396
114 73 23775
107 82 12764
111 118 12563
60 40 6099
55 106 11323
14 61 32106
119 1 10737
30 16 7087
35 112 17652
48 31 11343
95 83 23301
103 4 17542
111 44 29165
38 86 2938
14 38 1144
8 50 13975
83 17 6480
2 26 5825
68 23 24309
2 18 6015
55 105 12114
115 61 28000
76 68 8851
42 102 25429
63 71 3144
20 57 20146
86 17 12035
85 47 16393
62 43 29162
75 40 6958
112 110 16634
103 60 27385
86 83 19430
121 106 5540
57 58 24799
51 25 7380
67 45 30632
51 35 24759
68 79 30392
105 6 32692
98 60 8039
84 36 29853
65 52 12113
52 110 4981
2 28 29810
37 2 2326
31 33 7854
88 23 7259
99 49 21692
110 41 12202
42 74 19379
101 48 30692
103 26 10150
69 26 6694
54 78 4369
50 83 29673
65 5 32268
40 78 18776
118 36 32627
96 64 1019
93 5 16786
63 93 8201
69 41 11497
51 3 28923
72 21 32558
42 103 5690
89 91 7572
105 6 24315
3 46 6392
17 63 2211
107 5 12691
70 85 17748
7 98 27442
104 19 24681
34 95 17453
62 32 13576
110 58 12434
7 80 3870
118 14 26686
15 22 2393
90 55 12759
28 67 6909
54 39 28134
72 27 24233
93 116 3210
56 87 14182
102 38 7536
100 47 27540
4 48 7443
41 72 9623
78 21 21376
21 73 6219
90 87 22528
30 26 22956
76 64 27264
37 111 28723
57 24 7825
90 108 8152
109 28 10385
21 70 3017
115 86 9527
113 59 32180
96 75 12677
97 61 26946
36 104 717
22 73 18341
97 96 2367
106 89 3933
38 59 25783
95 68 1762
35 26 21575
112 10 29114
84 109 5778
119 7 17300
8 6 17735
77 40 25088
23 33 24687
39 46 2265
68 37 3646
12 107 28294
98 8 6828
120 64 7310
118 61 3584
75 95 26175
10 7 21522
108 80 19032
97 89 30193
84 8 11755
54 6 26159
118 33 3576
37 40 25602
34 43 21115
21 116 5109
49 13 10448
37 23 11499
114 100 1220
106 29 3732
43 26 28336
99 106 21162
114 36 27239
115 37 31892
82 30 21989
1 65 25403
107 77 28671
7 12 24373
52 36 5763
105 98 15256
4 24 2188
120 32 29194
58 48 25841
23 90 27379
105 72 1567
119 18 24788
20 4 5046
20 105 12850
114 46 30662
105 18 28571
22 90 10371
33 58 23466
90 116 14522
14 66 28947
84 18 12416
78 33 26400
60 56 7366
20 42 10029
118 68 24538
91 39 17916
78 87 26106
2 41 27131
41 47 18572
54 85 9167
6 10 28561
78 103 12488
97 69 13420
32 66 30471
51 47 14878
5 40 22903
38 44 28281
6 116 22000
31 80 17661
63 52 18972
100 47 1891
92 72 19438
81 103 24825
19 63 18648
12 76 24923
63 27 11001
47 42 26681
103 51 9721
74 12 3869
99 20 5464
47 45 1904
116 31 5201
41 100 21050
106 113 15265
40 12 1092
9 19 19414
102 1 17577
11 108 2800
39 83 11518
88 111 21114
52 113 31120
72 37 18278
23 102 23923
81 121 1868
92 55 8527
100 80 20197
97 35 17713
76 38 19408
91 84 31950
24 56 9
62 94 23278
111 1 26522
14 95 11271
74 70 361
44 96 10540
11 79 561
51 18 9173
8 25 25870
17 101 24625
99 27 20258
104 52 22270
13 66 25651
104 46 22822
29 14 18530
99 32 24191
28 46 12095
88 27 30348
10 74 4840
44 18 11543
6 53 3583
35 61 3559
63 15 27018
74 86 6678
52 111 19495
94 13 18085
42 71 10776
40 42 20326
32 116 11787
24 69 6736
44 24 24759
59 96 26329
24 55 27033
53 49 25076
49 21 28031
36 65 17076
106 6 24474
88 100 7377
9 48 8278
52 57 28028
15 72 4393
99 93 23620
73 100 26382
95 114 3328
72 1 3443
33 44 243
93 57 27069
88 56 13479
27 97 21424
1 71 13623
49 99 12636
4 24 8954
20 19 25953
95 30 20686
56 66 13475
60 73 13940
51 109 1227
74 23 4544
3 37 26403
51 27 9608
111 21 23475
84 89 22161
39 64 9892
113 21 17907
23 26 1626
8 23 17833
23 119 8897
54 17 28484
57 5 16059
54 81 3583
114 5 6848
9 58 17576
36 43 9219
53 103 11532
9 46 3510
46 108 16305
76 86 21597
10
105 97
54 8
57 36
78 38
120 68
85 111
35 82
1 95
112 64
87 95
177 338
167 44 20938
27 26 7485
65 93 20227
54 136 2056
164 35 31067
13 138 12390
21 108 16015
159 121 8979
50 100 11022
16 44 4113
28 67 10100
111 31 3587
151 95 17828
96 72 29272
142 108 2445
13 37 31490
20 52 25295
7 46 19687
170 20 9136
82 101 22098
73 100 30497
20 171 1810
142 5 31427
150 19 6147
172 20 818
72 11 23092
75 59 32767
103 33 18928
107 158 16915
177 79 31817
118 106 25218
143 26 32254
142 23 243
125 55 28878
27 76 22555
20 37 12440
59 1 3087
159 95 7128
117 96 26961
21 95 21349
150 25 23774
144 128 29555
157 176 3252
38 165 31820
114 115 30077
133 58 27453
137 90 7528
31 160 29865
38 173 5464
48 23 30274
62 60 30958
141 90 9424
102 34 13081
115 101 15129
66 124 20532
74 147 6082
9 3 26581
138 4 22079
117 28 30687
69 59 4910
110 42 14196
150 112 18098
75 9 17367
51 15 32682
55 143 25185
138 146 24785
78 51 14868
25 11 7473
153 49 11379
168 3 25458
77 106 10407
45 78 16352
33 143 17690
25 127 2885
89 111 27403
170 43 4332
123 90 15565
25 93 16488
162 148 304
19 22 5161
46 72 1386
26 81 5318
26 54 23976
104 111 4928
138 63 20839
12 75 17951
129 110 26008
144 65 21238
30 76 30188
161 36 7070
13 88 23044
149 172 30393
109 99 5726
14 51 30639
111 136 26374
93 120 10655
82 20 18049
156 4 15875
20 113 32107
56 68 31473
79 24 22450
97 140 32319
156 72 25227
132 89 503
36 112 8800
71 164 993
163 61 4717
1 111 21765
156 121 1996
122 101 30581
78 140 20506
82 74 8134
171 133 10241
37 45 31992
100 5 65
65 129 25799
27 10 2069
46 54 31628
176 12 10763
133 76 13894
61 55 9377
17 161 31325
40 167 14912
123 148 29243
120 122 11389
76 175 16083
37 104 25755
166 62 19879
101 67 24512
16 111 6136
168 153 16233
22 25 15132
131 95 20215
67 49 811
7 161 30056
81 64 30860
42 2 30371
61 75 5637
97 62 10717
52 1 20566
53 117 29433
75 177 22923
42 74 27383
49 111 22925
38 111 18388
110 28 661
114 124 20067
104 29 17291
164 73 30974
147 137 13182
159 90 5167
173 16 30902
106 7 28320
64 38 13069
144 84 27620
5 12 9361
151 48 25093
41 135 17570
36 89 14302
81 68 26885
154 13 20118
79 53 3491
152 118 27373
139 59 20208
28 53 8978
117 93 13353
42 15 23601
46 148 15854
19 149 12045
96 70 8934
38 86 11570
56 64 1894
17 33 2218
40 5 7769
174 74 7742
89 113 20696
69 109 26268
16 140 5941
85 143 27911
22 5 26981
88 174 10842
71 135 26125
67 157 6524
87 22 22175
47 64 5793
158 54 23620
10 30 11495
26 92 9362
63 73 28207
168 176 22068
98 78 24391
153 29 17682
70 151 30397
65 98 15005
169 86 14063
136 59 2630
87 143 7228
80 21 4943
31 101 32351
82 122 2164
51 78 12372
67 73 11035
116 53 11361
80 58 27406
66 123 537
89 33 23798
155 165 6760
135 63 2301
29 80 18959
130 98 110
32 131 9508
3 168 17453
8 1 9825
83 86 8018
158 98 4969
167 56 89
170 31 9052
51 27 24732
36 5 24385
89 105 15639
33 155 3121
165 60 21666
132 128 15695
106 20 7974
83 93 32747
119 121 3708
65 118 32358
121 6 29942
53 21 1710
127 162 14008
15 75 10089
10 130 631
95 51 9009
114 149 828
114 42 23397
42 8 8230
3 49 7293
101 48 16506
119 84 29676
56 127 31062
86 3 31719
13 111 22490
160 141 25523
83 17 30139
92 61 31563
81 80 32612
80 47 16239
114 86 6715
104 94 24457
96 91 32428
96 167 2283
124 34 27896
21 14 31557
80 132 13571
136 14 6253
136 123 10392
119 11 21978
104 134 19675
46 83 16459
56 152 19159
166 70 10434
10 101 23804
17 10 21957
142 103 29173
4 161 17820
146 116 31695
116 26 11682
37 177 22592
120 35 21389
66 12 20505
176 49 3038
124 19 19557
66 103 1039
173 16 27078
34 80 26819
28 117 21525
97 83 22375
77 81 18624
33 88 18435
86 84 10322
115 125 1837
163 102 12329
130 116 16734
139 143 23372
17 176 22550
79 1 5590
116 38 3730
69 10 28797
105 56 24323
112 19 27151
8 44 19079
137 172 17159
112 161 1359
170 10 13189
82 67 19898
136 159 22092
76 117 22612
52 36 15252
143 107 21482
5 31 27855
54 85 28734
152 10 18105
147 7 22273
52 50 329
126 97 31252
62 127 5462
5 128 19268
63 145 32271
142 173 12547
89 34 10404
156 33 10430
36 161 20131
158 140 21228
122 54 2040
19 20 28137
60 26 10136
116 130 23600
167 117 569
177 116 1950
126 115 8362
71 148 5819
168 83 10144
82 138 19007
47 61 32029
39 50 18510
59 94 30642
141 37 26658
94 2 15957
80 79 3089
169 52 32635
153 60 4415
46 51 23734
38 113 9048
67 49 25612
129 124 10269
96 24 17085
71 96 18868
49 132 5431
4
78 50
157 81
169 142
123 124
197 916
57 65 12995
38 110 16456
45 154 6126
105 181 20767
192 134 10615
162 73 2354
6 30 25365
106 5 24777
179 11 13568
132 42 6809
46 180 21846
67 24 5851
189 136 30267
109 70 12823
195 74 7578
95 31 25798
135 151 8592
177 4 28740
42 38 22755
35 57 6875
89 177 28950
188 34 8133
64 24 9216
156 168 22901
36 167 17638
176 100 7058
42 188 24973
9 12 32609
20 4 3519
37 145 24716
37 101 28721
127 104 16784
118 179 24027
22 96 5694
33 1 19731
66 96 22528
102 194 15376
125 183 6898
152 124 24221
5 151 27624
192 36 5417
131 93 24311
105 145 25460
14 69 13090
13 120 26502
175 117 6960
5 86 16823
54 138 25821
105 92 1265
23 40 12000
3 181 12918
151 112 29570
149 176 1731
83 115 12468
87 79 1397
53 99 14309
28 146 20535
189 56 32529
85 9 31009
181 156 31152
54 183 15118
161 3 23455
197 126 25298
39 5 269
178 82 19043
133 193 24085
148 78 9027
16 11 7570
26 89 32719
135 117 19014
43 153 9038
195 101 20081
172 30 11968
83 21 5483
30 122 21739
124 121 30688
188 1 27158
30 13 9907
68 77 29802
70 99 20933
178 76 26623
77 13 7944
66 7 1520
19 166 31653
170 144 30740
1 164 13347
129 15 19247
91 161 25038
117 76 26547
144 196 27346
164 100 11625
29 67 24514
5 156 28830
90 127 15495
176 29 22439
39 130 19431
77 6 3540
24 7 29732
109 186 32052
42 12 22636
57 82 21167
104 91 19974
166 190 2144
26 177 30078
158 26 8254
194 148 10063
74 91 11634
135 133 8363
192 110 21732
11 76 18551
193 174 7661
6 80 19862
147 82 21041
59 126 5909
177 23 22535
158 187 21468
150 39 29952
67 156 15081
61 165 20070
5 112 3653
195 30 23505
13 158 558
64 62 25629
21 71 5934
143 50 5992
78 100 4382
56 101 30950
81 179 20022
152 72 8614
70 138 10437
88 158 416
112 144 4903
97 25 13990
169 34 4361
173 38 26891
14 165 25126
96 136 27675
7 16 29177
149 66 13505
59 15 15646
101 173 8936
90 138 10325
147 43 10871
101 99 3689
107 171 12032
14 193 24927
142 176 29045
183 98 28864
91 197 20864
39 170 2528
108 4 27731
104 159 2148
66 162 24842
96 176 23676
24 121 18165
111 56 22925
151 170 15459
17 2 6970
77 170 29896
99 103 18450
59 83 25424
186 10 16462
114 55 6974
78 14 11354
53 145 20909
107 178 12841
71 28 9350
63 104 10626
35 162 30926
183 158 18114
29 89 30352
188 28 12494
194 90 29465
77 136 8742
48 68 2624
181 38 24149
61 87 19940
116 34 15421
16 48 24305
184 174 6887
4 146 1419
103 195 6622
57 122 1580
86 173 12098
26 113 4053
33 97 1302
138 139 17321
137 65 13429
117 16 4233
25 20 20660
37 194 32134
8 103 3476
148 121 5195
19 36 29464
74 163 30918
70 169 22173
37 59 28091
117 69 1084
19 25 7692
60 87 29864
131 180 4303
132 128 27394
132 38 17047
103 192 13141
165 140 2160
7 111 17856
167 174 12672
54 29 7026
116 52 25172
80 67 23048
110 41 28979
132 55 28396
101 183 11546
80 124 6076
45 58 299
27 76 30199
88 2 25771
187 167 31570
164 8 3057
17 96 2432
129 52 26831
53 49 23396
89 63 18774
101 45 1747
87 150 23054
135 45 28026
110 15 3311
99 130 6280
166 153 30921
37 147 3611
133 26 15570
69 66 178
52 149 25240
181 78 6161
144 17 11406
60 92 20554
108 188 18917
143 11 22267
142 20 6255
102 63 14297
90 168 968
140 123 24857
197 195 15603
81 126 23908
10 193 2085
21 155 25682
168 70 18055
179 47 25500
170 25 16388
61 47 12937
109 45 5509
145 107 3654
90 134 15919
87 92 6433
144 190 4722
58 46 12263
40 17 15890
47 72 20430
21 155 3699
60 164 19636
170 8 1230
128 169 2718
92 157 27665
139 50 7864
164 109 158
196 164 31558
3 162 3118
193 55 26438
124 79 17007
188 86 19889
158 183 15174
95 185 14753
103 27 11705
73 43 27590
106 184 6889
160 140 10985
153 43 31395
4 194 5240
82 150 17271
186 121 4936
96 64 26199
79 195 4627
40 8 6686
7 8 19549
101 100 11681
139 56 7109
71 134 5905
136 81 6377
82 44 11726
185 153 11882
59 177 30729
127 97 8632
178 172 18371
92 192 26780
123 81 6913
100 101 13265
145 181 24923
170 156 13819
97 49 32045
130 171 11232
122 37 8454
74 102 21944
161 187 6715
180 104 15074
182 89 16287
175 64 2151
116 108 10189
190 1 28690
170 172 3213
141 57 28934
190 27 26933
66 192 13332
191 82 28
4 86 30024
76 77 6002
155 66 8543
77 162 30748
57 152 10534
89 172 6507
175 181 26096
194 41 31419
124 138 4520
136 98 2154
156 110 6700
129 187 7071
56 182 19183
16 183 15578
158 141 14613
178 169 24391
32 26 23942
82 71 24388
167 90 9648
18 68 14499
155 124 20201
53 78 14727
92 172 27061
64 105 31985
86 38 14678
166 99 17495
68 163 6520
102 15 27098
179 56 30419
63 150 11512
17 11 2326
96 123 6604
124 189 11135
196 72 20282
39 106 16100
132 121 665
114 104 15133
176 121 24503
196 38 20244
67 96 23120
160 78 30174
23 162 16972
86 141 3240
164 169 32347
176 12 2157
109 188 18645
108 147 15260
151 158 14554
34 148 31552
61 62 22060
90 12 12366
127 159 62
30 124 19740
86 33 8546
137 12 2097
184 105 3368
167 19 29929
55 121 5439
166 50 26545
192 173 25219
95 20 22200
18 112 2040
21 174 26984
148 112 9183
67 191 30738
38 39 18223
176 109 10882
191 153 22032
22 135 32642
73 122 13359
4 187 8302
88 179 26118
124 29 19300
136 55 27752
133 87 9157
39 19 4591
49 55 11247
105 148 14888
121 150 23679
60 111 4235
165 112 3201
195 85 18843
158 92 31571
181 85 4814
116 182 6185
78 161 24069
12 89 27758
95 1 31675
116 67 9594
31 170 829
149 30 28503
99 43 27263
91 77 30093
130 29 30573
43 150 16418
197 54 29388
182 177 4695
87 54 18695
175 12 15827
187 22 8056
116 179 22573
66 54 25866
174 37 14868
159 144 6997
176 56 30356
161 82 4470
197 195 24091
104 13 7250
91 196 29773
59 47 4108
149 42 20693
3 77 27858
150 107 672
109 35 25931
121 51 2646
114 190 12108
74 85 11240
195 108 32678
185 134 132
45 179 14371
159 52 10591
2 74 15114
155 33 6402
79 188 6599
8 66 27690
39 147 31887
26 55 3162
1 37 16140
159 44 9639
94 30 25212
120 106 9838
55 64 12233
169 76 23285
5 121 17536
81 39 4129
89 122 23476
15 30 20420
33 186 46
64 77 3648
125 14 1917
158 32 21599
179 195 19898
130 163 25014
187 180 14376
37 130 17143
73 34 6386
5 155 13551
63 13 14511
185 122 14384
166 45 6783
119 131 17036
191 120 5592
58 47 21233
131 89 11612
8 143 8521
196 167 11346
110 129 1895
129 53 7318
94 60 24874
13 29 9494
14 87 20826
60 104 25925
177 42 26092
133 4 31740
183 166 20916
90 65 10441
63 104 10922
185 125 27804
58 28 9038
140 146 19273
187 92 23246
73 65 24935
136 51 29437
41 47 31337
177 120 27706
131 36 16645
7 183 9948
20 40 6218
111 37 9911
172 60 13808
172 93 8411
73 75 18118
46 122 17565
7 172 19537
99 130 26759
43 105 3820
6 5 6340
128 111 537
102 117 18459
149 54 24762
156 192 26025
4 79 9571
90 18 10439
45 52 26393
196 25 20964
174 143 7433
190 105 14912
86 151 27677
51 7 9673
70 52 30596
64 131 12680
135 162 18813
118 159 15964
120 189 23561
138 60 11006
159 170 8528
190 167 24954
52 127 14816
172 80 31656
133 41 23306
37 74 24389
196 29 20998
179 101 32191
150 34 8373
182 4 11472
55 175 30470
105 190 9339
11 44 22643
134 13 25611
149 133 7956
114 185 25375
4 192 22067
102 144 21744
46 119 9323
71 144 13128
162 74 16818
107 16 5102
134 169 20455
57 49 18034
108 184 27829
150 165 12693
65 74 2533
120 34 11979
120 73 5508
77 157 1923
50 194 19802
113 165 2875
23 83 20905
48 22 18062
74 32 14642
181 34 691
62 56 7401
47 11 12849
94 191 23530
187 156 6836
195 87 18563
131 125 13628
17 47 5488
29 119 13603
165 55 18087
62 120 15287
146 130 11066
108 195 16716
144 49 3641
196 55 32278
118 160 27301
163 190 27699
187 7 4807
117 132 10658
171 149 30095
74 60 23586
28 97 3271
55 67 4647
4 53 5431
45 27 17262
59 143 3604
171 117 22746
49 67 12115
39 184 22156
62 20 7851
9 50 13452
32 197 14706
10 66 29012
104 133 23969
93 139 18196
28 12 18068
11 177 30612
159 134 25192
71 100 11257
76 179 2823
152 17 15576
101 121 23106
132 41 11359
11 179 29316
79 118 32631
191 121 7685
95 121 17459
107 99 9353
113 80 17121
147 113 15376
121 51 25753
56 128 4856
170 108 5415
74 150 12940
32 45 8085
20 124 28401
184 15 3019
163 73 21991
187 28 10489
111 170 8172
123 40 969
73 151 8078
112 80 22670
63 163 6425
160 8 28901
16 156 24809
11 115 6533
166 120 10491
85 185 18486
147 6 5787
160 192 29471
122 59 8002
93 183 20978
60 136 28926
38 35 5939
140 156 8503
26 171 19274
52 48 4285
1 47 885
108 152 31321
143 42 20842
93 153 15213
197 164 26153
136 125 17546
71 98 5505
139 112 22125
94 108 25926
111 124 4149
103 38 18623
191 129 32433
31 103 6456
60 150 1559
155 96 702
183 172 30345
195 179 2147
141 41 12587
90 48 1447
39 72 18102
146 187 15064
140 96 14804
112 180 4229
58 27 24234
125 2 25174
42 194 32331
136 196 23528
112 99 22242
73 127 8391
35 81 16016
30 45 1220
71 3 246
37 107 7145
39 197 19679
116 64 12282
176 83 27242
82 62 29962
193 68 21553
143 45 31474
93 195 10896
9 167 18757
135 172 1765
168 34 10252
78 145 4834
105 37 9898
137 166 11333
153 159 24508
71 28 22425
141 33 5070
155 124 25796
19 151 20025
28 187 32400
15 181 11922
156 126 31352
38 10 30310
5 151 12377
147 70 28215
83 139 31193
102 109 26112
186 94 18336
195 196 21666
97 57 3771
60 59 14089
167 20 15040
123 22 6892
51 75 24969
48 156 2675
35 32 15267
27 150 9517
12 77 28867
54 9 26640
1 33 10718
176 107 18824
9 174 8889
5 111 12217
148 68 13068
50 118 13946
27 101 2953
12 6 1981
194 26 15722
185 177 1119
2 8 9046
97 170 29836
43 121 30899
102 31 15940
50 132 26825
5 77 1443
49 80 12606
68 83 28147
91 130 11213
21 171 17338
187 33 16725
149 158 30524
90 96 31878
33 1 19500
196 53 15575
185 55 20097
84 85 31378
133 61 17830
101 151 13072
51 20 22148
9 184 130
191 174 6675
17 38 8919
80 135 29044
98 104 26523
107 188 8646
25 73 31977
45 103 4404
87 146 24521
174 153 11240
10 145 20613
109 18 21229
147 155 6115
73 48 4132
47 68 32328
171 32 29143
36 76 12837
88 159 13713
48 20 3402
40 107 7491
154 111 16618
110 4 15072
47 66 32376
12 134 32237
14 149 18345
197 63 11206
25 60 14899
138 27 30335
187 27 31793
55 81 28586
65 144 29738
139 65 27496
75 76 17448
8 158 23954
134 188 8564
11 122 7646
122 164 10945
34 165 8522
88 154 23793
133 17 26161
48 68 19133
41 181 24022
177 134 21985
138 16 22866
125 134 26787
117 18 14618
77 65 9413
73 184 9634
33 153 14659
176 146 15559
96 37 8821
170 162 13055
169 150 4200
115 125 14473
3 30 7554
182 55 21004
121 2 29659
92 3 4462
118 175 2509
121 58 1728
172 29 20128
73 185 10904
112 187 1640
10 93 14897
155 62 16492
26 122 21285
150 47 21932
92 42 24481
152 97 17764
110 193 25950
34 189 9115
89 88 22729
94 63 12828
79 22 798
177 122 13943
130 149 9572
20 39 16335
181 174 7045
78 34 26018
182 102 10751
13 196 9434
41 82 9694
94 179 29368
7 177 6655
183 54 30078
156 126 15821
196 38 8426
10 52 20722
128 59 18646
126 124 3260
155 123 9885
108 178 10010
197 151 24086
31 196 11398
141 143 21827
103 114 3383
55 89 15878
57 190 28517
70 147 4984
83 173 31636
16 165 5309
55 88 14616
56 133 1376
15 157 84
67 158 16288
45 155 21849
88 19 32575
174 104 30973
70 91 19357
2 71 30590
99 172 7769
19 194 17220
7 67 24484
125 164 20333
147 82 9227
112 187 28954
4 150 20326
138 42 24516
86 88 28457
155 68 19447
4 169 21073
195 95 328
23 3 12186
104 125 13158
185 186 6859
150 191 16270
154 152 12338
2 147 8913
28 135 18861
189 43 31465
99 16 21199
169 108 27278
92 171 31234
157 112 31635
62 24 6839
144 70 26665
61 17 24833
173 32 25117
192 112 24880
192 66 18931
76 53 15943
87 111 8475
95 169 4191
19 86 10698
98 55 6232
163 154 27660
169 151 101
97 131 2858
186 110 343
145 167 18311
25 58 21175
26 51 2163
167 10 24581
78 135 9899
5 93 26557
144 138 15228
13 58 30967
40 105 16840
63 40 19118
11 17 11609
186 9 13339
1 111 4681
58 148 12202
171 135 22888
125 47 23149
98 190 8164
61 175 24601
49 73 4001
32 125 18421
183 45 2821
187 78 12610
135 130 16926
189 10 19971
137 157 118
129 184 24878
158 3 2537
32 84 16814
169 162 595
81 183 30143
190 56 28421
57 127 29322
46 57 12845
76 107 31243
148 151 16318
6
9 82
24 29
197 14
84 60
166 98
106 5
19 881
9 13 9546
8 11 15407
17 15 21285
11 14 4615
14 19 9757
16 4 27137
14 6 10490
2 5 7988
13 10 11557
17 19 13821
3 16 30537
1 16 12147
15 1 28132
17 16 30710
10 12 29845
8 3 21364
3 17 10645
4 14 28685
1 11 4702
4 6 27867
1 15 5648
7 11 22403
9 13 3637
8 11 28878
2 8 30622
19 13 7984
15 13 6899
18 9 1620
11 14 9556
6 7 614
6 19 8421
11 17 20269
14 1 9244
18 7 1911
2 9 22484
3 19 8385
13 16 25398
17 1 28966
8 9 14256
10 2 25754
15 9 31029
15 19 3296
1 12 10654
14 5 3264
6 16 12909
13 14 19839
8 3 383
15 9 22039
7 2 7308
7 8 19756
1 13 11957
14 8 1848
4 2 26756
8 10 28578
11 9 1251
16 11 14014
10 14 26097
11 9 28824
3 13 6455
17 15 27404
19 15 2008
8 6 14725
14 9 4343
2 18 27263
16 12 30083
13 12 2224
12 7 24571
10 7 21077
11 17 16933
15 3 912
3 1 19336
3 2 3990
4 11 27728
14 2 14236
5 16 20579
5 6 16326
8 11 11468
11 1 24974
1 5 11725
1 15 22605
6 2 24115
13 14 20469
18 12 4289
10 13 26403
17 6 15054
6 1 11520
6 3 23404
14 8 22718
1 12 3247
4 11 15241
8 18 17644
16 11 28480
2 7 23737
15 13 32330
9 12 10271
15 13 21894
8 16 2397
7 14 7749
10 15 26010
1 17 12399
8 3 8170
7 9 15731
12 5 15210
11 4 30911
10 19 18926
2 13 25560
12 5 20028
8 4 3016
8 16 30740
5 3 29992
1 15 29089
1 6 7484
19 18 4026
14 12 7140
1 13 18561
7 1 1351
1 9 19517
3 19 1555
12 2 4491
4 10 30882
13 15 20042
6 12 5494
9 11 12219
11 2 13951
3 10 13773
9 6 7655
12 16 21195
15 13 23456
4 18 10792
9 4 25672
10 16 26346
18 14 9856
19 15 10279
6 11 26629
14 16 26453
7 8 1589
2 10 3924
10 12 28101
19 7 3203
15 14 19403
2 13 15679
2 9 11886
16 19 10129
12 13 5599
17 1 31772
17 16 381
4 13 7646
14 13 20718
3 11 28167
11 10 31765
16 1 10135
4 18 11239
18 13 17183
2 14 19660
18 9 24773
6 8 6478
13 5 12964
14 15 18055
4 5 13151
5 17 29332
4 8 25360
8 16 21617
5 1 14550
13 11 27153
13 15 428
1 9 19594
15 14 5459
6 19 15279
10 12 12400
1 19 10608
16 5 28468
2 7 25299
15 9 26144
10 18 14188
18 6 16072
3 15 399
2 5 19470
5 1 2320
17 16 21151
15 13 16248
16 6 19620
1 13 29032
6 10 2180
13 6 8860
14 7 28138
2 4 13800
13 14 1008
2 5 13761
11 10 14022
1 15 17344
18 17 28387
8 10 7063
6 12 30850
3 7 26772
11 10 12445
19 18 13378
4 19 10410
7 16 22997
2 1 21722
12 19 26353
7 12 29960
13 14 14356
17 18 31905
1 12 3208
14 5 18473
9 6 11351
8 2 8481
15 8 32399
4 18 1159
4 19 9005
2 10 7270
11 15 24948
7 9 15984
1 2 10824
16 5 27584
13 5 1829
6 10 5724
13 14 992
14 10 9718
15 14 1660
10 4 12278
14 3 15455
1 14 29544
8 6 15011
12 10 19213
1 14 22529
7 11 28796
14 10 22488
15 2 27161
12 18 6945
8 10 1626
1 12 18200
8 16 14464
18 7 8114
4 18 27215
3 5 10305
6 8 29547
9 18 1752
17 13 12893
7 8 14150
19 4 3189
18 7 24772
18 16 12547
14 7 8041
17 8 23904
6 16 27885
18 6 7225
12 14 14714
17 16 25253
2 15 19019
12 1 8984
8 19 20428
17 4 3965
14 16 4287
5 19 12173
13 15 27463
11 16 593
7 5 13487
14 15 29714
8 2 22461
17 5 563
16 9 10537
2 1 16420
10 5 15784
14 17 25687
5 19 9750
11 2 4200
16 3 25617
9 7 11154
19 10 28360
14 13 22883
17 7 30635
3 15 24516
7 1 20180
8 19 113
14 17 5440
10 6 2417
19 9 16175
3 11 32051
18 8 21324
11 19 15496
17 15 23443
11 18 32012
13 1 4049
12 18 8163
8 1 10866
3 9 5639
7 9 5055
8 17 16074
9 7 21761
13 16 1047
7 3 18402
8 18 26221
13 7 7773
18 2 24022
6 3 14347
5 17 24844
14 4 25627
11 16 16182
8 1 21956
3 15 21051
12 9 30580
18 1 1102
12 4 10126
13 1 1923
14 19 6651
12 11 28274
3 10 5425
1 12 31650
16 14 23565
3 16 17
1 2 11594
5 7 13222
14 10 5187
13 18 22361
4 9 16175
11 7 16174
2 4 20056
12 9 13910
1 16 11513
18 3 6672
8 17 20415
12 15 6187
1 17 32307
3 18 17455
2 11 25448
9 2 17042
5 4 22470
8 17 11157
18 9 30926
7 3 3985
6 19 1315
5 4 17623
6 2 25156
3 14 27518
9 10 32434
3 11 28074
19 9 16000
3 10 17204
17 19 6523
9 7 30144
9 17 22888
3 13 24214
5 7 19474
7 16 27112
7 10 4123
11 18 25412
15 8 13512
16 13 32101
13 5 1091
10 12 31644
2 4 19727
6 7 28016
18 7 29319
9 14 25088
7 18 5155
6 19 12397
7 1 17660
6 8 6578
13 12 21065
5 14 32393
9 18 1697
4 1 10505
18 15 13493
16 5 25364
15 13 25714
5 15 6275
6 18 7765
5 10 5464
13 8 16157
16 9 20322
3 19 12819
12 13 26631
6 10 31396
7 17 32318
16 14 9742
18 4 20961
8 19 9273
7 9 28878
6 4 13087
10 18 31652
16 18 2645
15 8 21235
11 8 23691
1 8 32568
19 1 8986
10 17 13573
4 5 3076
12 3 17434
8 15 23787
5 14 26253
18 10 2835
14 6 55
12 8 30367
13 6 29936
19 9 2145
11 12 13811
7 8 24128
19 4 6589
12 3 3726
8 16 31823
1 4 22812
15 13 31899
2 17 29141
6 11 25822
6 19 3860
1 2 27159
10 11 13613
1 10 4829
9 4 26084
5 11 20543
2 6 13772
9 8 13172
8 10 8899
12 15 16770
12 10 11771
17 10 322
13 1 7906
13 4 18827
16 5 31601
10 13 3639
12 17 2278
15 6 11723
15 13 23309
16 17 17165
13 10 17715
5 12 14772
14 13 28027
19 3 16726
15 12 3220
3 17 7484
3 5 7288
12 2 27428
11 1 22781
1 18 5144
9 5 19292
18 7 477
19 12 13826
15 9 14509
8 17 10299
1 6 26685
7 14 22941
15 4 14390
4 6 15168
1 12 21419
3 10 288
18 10 21559
16 6 20549
16 11 30913
15 12 20088
1 6 23841
12 14 5814
17 2 32533
1 4 8611
15 11 4677
8 19 5030
13 7 18508
15 12 10867
1 18 4862
1 15 16946
16 1 22113
18 8 11908
5 10 19737
9 11 32277
6 5 23857
12 6 16251
17 11 5256
6 19 5260
18 12 31839
9 14 20626
11 12 9592
17 4 13328
17 13 21402
4 10 15389
2 16 3761
11 12 18902
18 13 25023
2 12 30321
13 15 32582
14 15 3037
13 18 2643
13 14 3621
16 13 14431
5 6 28720
11 6 6849
11 16 18931
19 5 7789
1 17 7993
5 2 18223
12 13 19843
1 4 26533
18 12 23731
2 6 10655
15 10 380
6 5 12987
16 18 29137
7 19 8010
13 9 2760
16 2 483
18 8 1194
8 16 8249
10 4 23847
16 13 25802
2 9 1345
17 16 10118
8 13 29774
16 18 12080
8 2 11118
8 15 29542
1 14 12191
8 14 11475
18 9 26656
3 7 7941
4 9 22816
5 10 16182
4 14 18246
7 5 13001
10 5 10214
14 19 31358
17 14 19464
11 3 21856
10 17 32694
2 18 27648
10 16 17706
11 15 14072
1 4 11192
17 12 17639
14 7 4230
18 15 17255
18 3 27503
6 10 19366
18 9 13480
14 12 16053
13 10 32760
19 15 18080
3 7 12458
1 15 10476
10 11 13697
12 19 19478
12 10 7761
8 18 29983
7 19 9485
1 3 9040
18 9 616
13 6 24504
7 8 10854
13 19 8975
17 1 26461
3 10 28678
1 8 19041
16 9 2694
14 5 3872
11 17 915
11 1 22139
2 8 13412
10 13 31004
17 8 11278
13 6 26246
10 4 28331
13 12 28600
19 5 21973
9 13 10911
9 8 4153
7 6 8469
15 7 21909
15 14 8138
11 9 15781
16 12 26199
11 16 22834
3 9 26016
6 18 30208
3 4 20965
4 14 4295
4 19 24173
16 4 16803
11 9 27542
7 18 27111
15 9 14674
15 14 31741
12 6 1920
4 12 2072
1 10 11104
10 12 20530
11 16 23558
18 9 19125
17 1 10539
9 7 12620
2 16 3621
14 12 21274
6 5 3007
2 15 2930
2 12 5097
3 19 23137
5 19 11066
3 10 32011
15 17 3968
11 3 26473
18 11 6028
17 10 12174
1 15 29194
10 11 12006
14 4 8850
3 16 22380
16 12 10247
7 10 24896
6 9 29256
15 13 20982
12 4 8711
13 18 28918
7 14 19818
8 6 14314
16 19 20756
1 11 4158
13 2 30424
18 17 21731
4 12 18073
10 11 20540
16 18 7346
10 12 30386
7 10 13822
15 18 11104
6 16 12443
19 5 21556
15 2 2482
15 11 7974
16 3 7084
19 5 27755
6 1 24067
18 6 9688
9 7 15083
8 16 25791
2 18 10369
13 16 13312
15 9 30346
8 4 9220
1 4 17123
11 6 17616
18 16 5682
16 4 32382
6 18 6006
8 6 15034
10 3 24718
12 3 29207
3 15 5833
4 17 1617
3 10 21018
4 13 28382
13 19 25238
5 7 12127
11 19 30509
9 11 26563
16 2 23026
5 14 7238
10 9 13637
15 16 10129
15 16 29368
17 2 13211
17 12 3986
5 2 9771
3 15 3122
15 8 20599
17 8 12098
8 14 24216
17 6 31200
7 14 19530
4 13 25742
10 9 29463
7 6 19890
6 17 12192
17 10 8963
8 10 14485
16 4 2738
1 8 646
12 9 30102
19 3 7997
10 6 4205
1 4 14400
1 11 24263
12 3 11154
6 4 7249
9 4 16071
9 16 9960
6 1 23831
4 6 19138
10 11 14868
15 18 7569
18 5 15071
5 12 14062
17 19 1510
7 10 17264
4 7 7565
9 17 32055
19 8 1117
3 10 20439
12 13 10632
2 19 9955
15 11 21210
6 10 28040
14 15 30077
7 1 27393
16 2 277
13 9 5023
13 4 5718
14 17 30313
19 6 10259
11 14 499
8 5 7360
12 19 12459
15 17 30353
7 4 31842
15 5 12450
12 10 25045
7 3 10198
10 19 10935
10 14 16426
16 5 13595
2 19 7584
18 16 9535
4 15 3895
2 8 27446
12 10 12222
4 6 22495
1 12 4960
17 16 13601
13 14 27190
10 7 883
7 12 8005
1 14 13072
15 9 30900
17 8 31080
8 3 26906
11 2 21425
1 15 27445
6 16 28060
5 17 14448
8 3 19211
19 10 15048
13 19 13976
6 11 2661
7 10 16799
19 15 29798
15 8 14849
5 6 6246
8 18 8230
14 17 14394
18 15 10209
5 4 351
18 14 5851
10 4 15676
11 14 30697
16 8 29762
1 8 16691
5 18 2089
19 13 23711
4 7 2528
4 19 14514
14 18 26743
19 14 1864
4 17 26751
15 8 18492
2 6 1896
5 9 22312
6 8 28811
19 8 27164
5 2 13020
14 13 30024
5 7 23216
6 1 10873
19 3 32744
17 10 16930
10 5 12642
9 19 13608
15 19 21681
14 12 28301
18 10 3360
7 11 5343
3 7 28210
19 3 22895
14 19 32016
9 2 4019
15 2 8622
6 7 14695
4 9 29579
15 11 17487
9 1 5976
18 4 31903
8 4 31209
14 2 17268
16 10 27200
10 11 31466
18 6 14222
10 17 25008
17 14 22912
4 9 22053
7 2 6197
13 17 15714
17 2 30375
1 14 9419
6 17 7547
8 7 13549
13 4 32101
5 8 17112
7 11 10158
7 11 25392
12 10 2036
17 15 10491
9 10 30856
7 10 4590
14 1 25808
11 5 22977
10 11 14797
14 9 4032
19 3 16025
6 12 20125
6 15 23539
14 19 4051
9 3 8859
6 19 13008
16 2 31372
18 16 9194
17 15 6357
3 13 4595
12 4 19380
11 6 14583
6 12 26457
17 8 7386
18 19 8625
19 7 1111
10 15 17486
11 9 5060
12 19 21087
1 8 31023
3 10 16003
9 2 29445
14 12 27395
18 15 24822
10 8 352
7 10 6679
1 11 27068
10 1 28786
2 19 19060
12 16 14251
10 16 21286
13 15 3393
7 14 22019
2 14 22273
6 19 26318
13 14 30449
10 16 25996
10 11 17434
8 3 9033
15 16 17867
19 5 19416
4 11 6908
19 13 18661
11 19 10925
17 16 30880
6 8 18842
7 12 23892
3 13 28070
2 14 2018
4 14 9983
16 9 7570
15 11 6381
18 10 25306
19 7 12496
7 16 8287
18 10 17319
8 10 19107
17 11 26128
3 2 6370
12 10 31200
5 3 14501
18 9 16817
8 15 17626
17 5 8866
5 3 22635
2 1 27100
18 19 22739
2 15 14445
8 15 28450
4
8 19
12 6
13 6
3 13
186 922
135 126 10433
134 101 16482
68 164 15657
84 25 1042
137 44 2556
97 129 30566
136 178 13550
33 45 5934
162 16 24332
175 11 15325
148 186 23933
67 185 2358
151 64 146
48 32 26704
10 51 179
108 25 11984
61 169 268
8 155 18342
47 88 26114
152 61 28872
15 182 4567
120 182 16009
155 66 1037
23 71 24737
92 49 26725
130 95 28179
92 177 26759
17 55 5211
185 32 8126
135 177 15292
66 162 29260
66 21 21889
50 166 21052
72 181 27271
143 149 14784
3 185 28534
152 114 26498
101 115 12651
29 159 17255
62 101 10497
89 159 21181
122 87 31487
166 149 22725
99 143 13589
28 23 15646
131 63 14953
127 141 9080
4 146 9957
86 157 22678
13 162 392
83 98 26259
173 107 13607
101 152 22228
123 119 17503
12 16 29244
55 159 22696
134 26 16507
135 7 30149
26 61 11656
122 101 4624
42 158 10408
98 119 26954
4 135 21142
108 135 25334
140 36 30883
83 55 9835
49 169 14569
140 115 17958
1 153 20452
109 113 6394
162 156 18954
23 103 13105
182 150 13384
103 17 19143
54 110 31838
174 62 31029
43 143 3732
71 121 4754
133 78 28740
161 7 31982
147 182 12073
57 131 25653
106 28 2931
58 131 9725
178 152 22281
83 97 11788
128 87 11921
179 157 1911
139 63 266
172 27 28584
34 55 24854
126 51 4017
27 80 26456
123 99 30132
70 140 3939
169 43 19274
165 42 304
49 25 26407
169 148 14109
92 48 1912
11 58 29914
46 123 4011
62 48 7631
59 142 24471
26 72 14823
20 44 4940
57 34 28095
81 153 494
142 167 26539
65 126 30563
138 43 21776
55 22 14275
169 57 27645
17 16 11461
175 23 793
113 90 31906
136 95 9774
54 93 1831
33 151 8195
86 16 12521
138 26 8775
44 147 19925
130 72 6825
67 117 13207
111 21 28806
74 110 20883
100 69 26795
108 119 28502
27 58 21785
24 72 13266
52 87 5332
137 36 9925
6 129 19484
95 102 19222
7 73 14253
152 31 3082
95 129 7632
131 93 20646
146 151 13921
106 76 28568
137 52 32541
15 142 17269
72 9 25555
118 148 4668
35 84 31307
122 12 11344
75 121 24573
27 133 26222
102 109 7163
165 46 12105
8 63 20875
55 158 19669
119 85 8299
93 38 5731
54 97 21944
103 149 6170
133 46 7402
75 102 16766
120 167 16999
2 88 25586
147 75 24984
44 43 10116
93 60 5765
116 138 2917
47 137 3938
145 155 21716
96 77 13469
130 58 19044
80 90 7741
117 141 4846
17 19 17340
96 52 22154
78 159 20385
82 7 9567
58 123 21126
67 180 25316
132 107 4517
177 105 11303
65 36 29210
42 7 12375
165 123 10857
40 131 27050
34 166 3262
176 11 5389
164 180 14924
169 145 3212
7 166 25237
185 110 30015
64 14 24600
173 137 28558
107 54 24986
147 166 28390
25 35 22150
24 165 6709
33 147 31255
46 25 10449
67 88 27723
158 16 10118
75 125 6350
47 141 9
31 183 2914
31 184 4355
17 151 3688
124 92 12137
131 35 23450
77 47 6629
139 179 4125
120 32 19832
7 111 19555
66 176 22170
42 11 15780
164 159 15497
77 68 4565
117 22 3201
69 124 22621
131 93 26901
121 82 24833
129 144 26084
125 73 6076
85 117 29271
12 33 30587
6 29 13877
98 86 18168
35 33 6441
144 159 14887
152 123 19085
46 18 6132
16 9 4382
120 31 30531
135 44 609
64 186 22381
112 105 4063
150 3 6069
29 109 11398
42 126 28261
155 55 14026
13 132 19349
107 14 25703
166 134 23758
186 82 13000
7 178 32253
28 111 27524
131 156 6522
105 59 11886
61 115 7184
93 61 15149
158 164 834
183 15 29271
122 138 31560
118 127 19072
108 91 20341
86 42 20416
44 152 27396
174 52 17568
149 125 8579
147 3 12645
49 132 15697
61 58 11062
28 181 14314
124 68 28314
153 45 21239
67 29 8493
24 87 23135
90 69 15532
24 170 30407
85 100 22953
66 63 30016
13 179 23161
65 138 5154
186 18 26439
110 32 3641
59 159 21069
181 115 5325
95 143 26523
113 148 32309
40 76 28160
174 41 29171
117 131 18150
86 140 7303
36 68 14668
84 178 17530
18 33 6167
57 50 18265
59 40 11891
155 153 24715
94 49 15621
63 153 30035
45 37 26897
35 137 18524
178 126 23274
172 16 15503
79 96 31550
54 51 575
81 103 22306
105 80 31421
104 174 16615
95 55 7663
11 110 22563
137 143 2706
128 50 19822
20 68 29977
175 58 1727
46 163 12917
3 170 20351
142 106 29481
162 165 2969
32 183 14444
143 3 1844
133 98 28758
108 51 1253
178 143 18243
46 59 10860
45 42 27632
134 15 28771
153 112 4350
67 61 21352
183 100 12775
72 173 17821
1 19 23169
137 170 21926
148 174 14239
55 140 15455
1 162 23677
156 157 5377
111 70 15347
77 146 31607
65 95 9630
4 81 15113
185 148 30343
46 122 11182
6 135 27122
11 170 26272
8 37 25169
80 66 11014
31 123 27547
8 95 12757
182 156 28522
179 96 23605
7 44 26807
42 173 10757
53 74 10257
133 135 20064
186 132 14991
114 58 5678
167 129 5375
80 72 14619
89 26 4606
178 40 10133
184 156 27890
1 139 2209
102 181 32036
184 144 28828
184 66 23411
38 126 30287
43 103 8780
75 108 15837
81 35 27370
102 159 26982
19 118 23578
111 81 11658
50 18 24037
108 148 7169
58 142 8952
102 91 8456
6 72 932
53 101 16468
106 116 28609
166 175 25800
159 91 21479
148 71 8742
46 30 943
111 158 10856
79 46 24059
31 74 145
28 117 16770
52 24 12555
175 104 22274
78 42 7159
11 59 1009
95 79 14325
53 27 21378
105 158 13383
120 36 7509
45 144 5994
62 12 30769
157 143 29553
158 25 27795
122 166 7111
126 162 11774
160 82 38
62 184 13129
101 173 32481
126 166 9570
169 42 13524
9 36 6460
109 94 7069
18 113 13544
20 152 14049
105 31 2305
105 172 14288
52 111 24314
122 69 27174
48 30 20971
174 70 88
15 1 2798
159 53 31918
165 159 15156
142 179 4986
100 7 15696
33 169 1711
138 64 29806
85 75 13694
89 73 23408
10 3 31433
160 147 3882
52 62 2953
6 31 17966
117 90 25213
97 75 28138
30 153 30905
62 24 22533
30 160 8943
89 10 21572
120 57 31110
43 172 4694
66 61 17887
24 25 1111
114 67 6488
78 13 1526
51 149 741
35 178 5491
113 107 24164
147 53 17145
21 98 1260
171 75 28675
59 4 18379
64 26 23488
88 9 10225
108 2 6845
23 73 14836
98 71 18240
87 163 11003
19 42 17677
46 98 29993
60 11 11924
46 130 4701
127 14 15037
77 50 29296
181 148 29125
52 81 13867
57 172 11497
95 65 17067
108 37 28632
7 18 14585
159 109 31778
41 66 19442
110 180 24089
59 118 25307
155 86 28640
20 70 304
63 95 15014
175 142 7320
67 176 1837
19 77 28668
111 132 9789
3 7 1840
94 158 20111
159 37 16569
86 120 12618
95 183 27536
96 184 26422
174 79 1265
74 163 26667
63 139 32404
26 136 11110
72 10 28653
138 29 10950
128 183 13629
91 119 7206
90 150 21912
124 22 6989
146 76 9523
125 8 1065
62 17 24211
156 71 28139
147 67 23206
117 181 3712
53 13 2229
150 79 16050
154 145 28222
157 87 18955
143 137 10984
38 109 1640
118 1 30540
69 146 21276
69 152 17837
8 52 16389
48 108 22162
44 73 22403
45 115 27781
10 48 7261
12 77 29023
182 87 10481
86 83 9442
155 11 3905
53 87 8093
78 72 12731
30 98 26186
39 143 23253
119 49 18718
68 99 28111
107 51 10188
62 127 13619
60 62 15911
166 50 9206
102 14 9895
64 12 25665
43 163 5949
91 83 23371
130 56 21048
52 87 27599
140 145 10287
137 39 18683
126 139 2341
177 143 10740
184 67 21092
139 103 12862
144 56 5063
94 105 32169
131 153 16997
16 75 32405
69 179 2012
80 166 21414
170 147 14109
104 172 10269
184 3 19492
1 78 13521
138 44 20737
76 153 30501
68 136 9650
38 80 2144
38 25 13070
124 84 20016
62 138 21651
67 137 8759
7 70 2505
10 127 5678
169 102 6792
138 69 29390
61 146 11264
173 113 32398
176 45 938
116 77 17052
130 69 5378
122 23 22299
65 16 24816
52 13 10748
28 161 23813
186 70 28049
111 63 5911
29 5 17952
96 129 16095
181 134 28698
153 66 8870
117 151 8398
41 18 19756
172 38 24997
4 102 8765
24 40 10837
57 92 25792
50 66 6275
169 2 19486
138 63 25550
52 35 2127
128 69 9026
85 70 6904
106 92 13719
2 35 4442
68 61 12238
67 148 15867
84 151 11788
17 71 25180
38 83 20677
47 111 6168
68 180 9352
172 139 1588
80 9 15641
24 89 23191
34 143 31899
186 151 26837
125 58 26092
128 151 1758
185 11 1420
102 26 5420
161 63 32423
2 179 25472
140 127 12817
18 184 9298
5 140 21340
80 17 12420
77 170 9293
14 168 18930
65 59 2397
163 91 9974
59 32 18954
3 83 10748
100 128 9756
113 140 4019
7 73 1335
92 149 25482
181 180 30789
112 183 32113
74 154 7332
64 85 32018
95 5 16154
95 48 30220
162 135 28923
57 124 7629
100 57 11277
98 96 5912
19 120 12802
123 175 16486
26 39 29781
45 3 24719
144 24 29970
55 109 30701
31 39 21183
167 37 13411
24 55 7453
78 82 15547
184 59 111
125 144 23899
169 33 18590
100 89 23119
115 68 10964
71 18 20003
177 39 8464
32 38 16354
155 71 101
23 163 17628
97 183 32223
88 185 21251
2 78 24392
98 35 28404
60 90 27705
84 72 11541
110 117 10562
34 22 8004
30 122 18964
130 139 20750
121 144 26850
25 27 29291
168 132 16511
166 114 21869
154 179 13288
178 148 32105
57 27 10541
149 106 15996
13 134 30459
65 135 25214
72 182 11070
181 11 1223
66 35 5771
140 145 26693
139 20 6992
162 156 987
181 128 4355
167 26 28427
133 58 27333
120 111 19779
86 53 3635
156 30 24692
110 160 12886
43 79 7103
143 119 2043
71 186 30033
165 31 9176
17 105 25287
144 160 30780
66 105 28091
166 88 28493
38 51 13887
135 100 14331
146 181 6003
75 15 26413
110 23 1659
135 133 31702
61 8 15997
176 182 28661
15 109 27765
148 184 6572
7 179 25594
68 90 1777
95 54 588
127 93 903
156 121 22342
25 135 27717
27 126 1024
183 180 9165
139 1 3410
28 105 15426
80 107 13420
119 102 1703
53 107 21058
87 153 998
166 70 17027
83 132 31920
5 135 12618
137 60 7347
71 45 10959
116 151 8929
148 179 11972
132 138 23477
59 28 20774
21 129 31676
86 82 12438
125 130 24526
45 33 20141
115 166 1463
141 58 12483
25 8 2884
63 144 12306
3 143 31466
38 170 5710
116 163 29836
35 82 8196
42 46 9724
86 99 20566
172 36 23127
72 122 14838
32 73 30794
36 128 3951
113 124 26333
69 65 277
159 94 19801
162 115 14653
34 100 20072
12 149 14214
31 3 1918
88 13 29271
143 8 5412
115 55 4580
110 162 29131
103 169 23130
101 74 2085
177 70 761
51 106 4924
127 138 22091
164 145 13753
59 15 7099
127 132 24354
127 8 1330
89 52 28912
106 169 15241
56 16 28366
118 185 15091
70 49 11368
81 181 3238
120 41 12417
35 91 7534
26 40 14428
76 20 2293
180 82 14227
4 105 16346
16 66 12271
110 57 758
181 47 6626
10 130 22622
169 41 8628
21 60 28416
178 44 1662
51 27 27633
97 83 16257
67 143 26816
99 40 401
132 172 3187
92 168 8566
151 113 12530
111 147 29075
95 86 1291
160 109 26696
111 53 8029
93 31 27055
103 114 4290
137 30 19153
101 81 17684
26 48 23919
118 3 30560
93 146 23260
177 93 15082
184 61 19881
89 65 31150
3 20 25844
1 129 22617
162 45 17907
82 112 8272
75 118 16325
180 114 9590
126 175 9893
25 33 32204
114 96 6594
37 142 24371
60 157 16148
90 78 6538
127 97 15264
160 99 23366
148 98 12062
78 8 26514
49 13 12305
28 100 11412
47 44 16803
113 43 3448
72 156 3812
73 116 1855
7 133 28484
53 112 26765
129 173 26204
85 11 29677
163 98 1375
40 124 16707
111 47 24272
150 142 24154
165 158 11594
69 23 22495
69 29 29827
185 28 19233
134 185 20430
96 107 13925
112 173 25540
5 84 16581
83 103 4326
27 185 29632
183 56 9033
68 15 12294
94 90 24504
2 109 21553
173 81 2248
172 182 26465
68 178 22227
133 59 29433
186 120 29655
181 62 24040
25 75 26794
107 145 24905
93 54 6918
33 148 24900
165 88 5201
43 124 26217
77 10 22329
135 92 29447
152 69 7798
40 96 19751
168 25 2378
151 180 24886
11 56 2721
176 182 27266
106 86 30174
68 59 26133
58 89 20655
74 64 18839
146 98 13191
62 142 23349
3 85 2700
161 94 10443
25 179 1819
74 155 19387
57 32 5680
11 16 13369
76 67 19027
86 69 29171
79 93 26587
9 183 10590
32 104 14502
129 122 27668
167 141 2196
34 1 20482
52 165 15975
104 138 13396
9 158 31966
100 157 29801
72 94 9757
121 71 10287
43 103 4028
10 21 20154
172 78 16418
114 103 10995
75 133 15848
164 113 942
81 54 24702
13 17 12175
45 120 15695
18 114 10877
151 111 20229
163 54 13724
114 132 23759
59 67 1029
74 46 1455
101 9 1452
95 50 14387
68 84 20284
67 57 22838
27 88 14546
54 2 31854
102 72 26327
71 146 26613
110 80 22385
52 153 14359
120 186 5179
17 47 27392
115 184 6985
119 40 29733
35 172 17316
41 43 17791
56 48 8382
105 95 4331
34 164 1427
173 14 28239
83 103 4970
115 141 9046
143 1 2428
61 60 4059
132 76 8678
4
114 111
162 7
108 183
178 37
163 319
88 40 485
109 73 15902
1 105 10379
86 113 25861
48 34 9638
122 14 32151
19 9 6716
65 128 18638
59 6 32289
65 43 5005
36 121 23211
101 98 19360
26 51 9262
105 95 21201
78 58 29601
70 96 18525
129 93 20282
94 12 31605
33 7 19434
16 66 22926
120 86 27380
38 72 427
7 34 32288
45 115 16868
49 28 25142
35 17 14046
151 22 21180
86 89 7406
56 154 19253
1 8 12561
77 1 10585
38 78 21526
64 115 24812
87 17 3192
58 43 23882
93 65 5089
130 123 30149
135 125 25429
62 131 29023
152 61 15719
152 85 19337
58 22 6164
97 149 3827
41 51 4111
15 48 31882
149 6 19880
56 81 9272
117 141 1935
26 85 25101
102 163 10791
100 83 11719
66 54 10787
109 21 9213
151 16 16291
69 13 30562
22 156 17165
46 52 24013
13 47 14156
112 45 24587
40 83 17740
60 52 1197
27 59 6851
63 8 27979
87 52 21152
114 93 31473
163 6 22464
59 31 14779
4 142 8892
151 128 31934
154 61 23014
90 154 2774
138 5 18125
140 65 20981
23 3 22245
19 13 6657
143 159 1323
31 132 29028
5 70 10450
31 162 23770
72 161 18782
123 156 299
121 109 21186
102 134 22721
117 19 25683
143 104 24683
38 132 2989
105 145 19876
19 148 6367
163 16 9781
111 102 27520
102 115 17423
53 26 12404
2 41 16817
20 100 5763
162 112 19059
38 158 5153
97 32 10125
123 147 749
73 143 28085
83 157 9679
157 37 14504
146 43 13509
68 137 14586
155 9 21945
42 15 19966
14 110 3067
23 155 18608
71 80 12332
15 118 5590
47 100 198
16 57 15583
98 109 24448
65 20 11818
103 112 27199
40 113 5809
7 76 24150
16 102 10326
116 104 11070
135 6 19776
31 70 22035
125 52 25093
142 54 24948
27 146 9631
100 120 26012
142 123 24407
74 138 29386
33 155 6698
163 33 19539
101 118 4694
87 45 5368
33 52 23825
72 34 13649
13 46 15259
163 36 11112
70 147 16930
59 144 7908
103 131 20539
90 126 5964
26 127 7126
109 67 6730
54 32 4343
86 135 22013
131 15 22431
83 124 24495
56 7 16036
8 95 2454
103 64 25968
31 116 29285
155 151 6103
76 12 18385
124 151 13964
96 88 20834
48 95 3029
85 86 19232
145 142 24466
119 21 28670
67 18 20153
41 86 25103
93 144 10696
124 158 29421
116 9 15078
15 100 14552
60 5 8103
2 127 28025
61 71 11183
20 68 22856
114 90 24744
73 21 6916
148 86 15685
151 144 31953
135 57 18509
14 158 20670
56 105 7648
17 121 3310
116 129 13425
121 47 9122
39 86 23600
124 127 28094
18 114 30420
121 142 32438
162 111 24325
19 161 28380
141 2 15841
138 68 9602
116 43 29245
89 38 32380
86 28 193
13 143 24273
7 146 5358
24 81 31435
54 91 15013
119 59 17318
37 148 29909
36 50 15751
138 11 335
32 82 28289
136 73 17149
105 71 15836
160 41 17122
144 89 1747
67 4 19890
105 79 25729
158 157 14059
159 3 25790
78 128 2984
151 66 28178
140 6 20143
24 68 18705
21 28 1127
94 98 30640
27 151 12469
9 98 25986
108 46 16889
132 110 4567
40 125 2966
123 67 12589
89 87 14294
143 64 30079
158 143 19460
137 29 17740
10 156 19215
50 5 14197
59 15 537
69 101 15928
149 122 26553
122 103 5626
112 3 481
120 143 23712
60 102 15939
44 78 22982
82 15 19756
8 127 28668
140 18 4822
157 34 17637
76 6 13508
16 137 32375
100 79 13341
47 49 31568
75 28 28631
77 64 15413
56 12 10912
47 57 13586
152 58 8861
35 17 10475
68 32 7491
134 8 20862
115 77 13315
163 30 24196
52 106 16001
135 100 8663
95 72 32132
146 75 21735
69 39 13802
130 151 6461
103 53 19780
27 49 30983
137 20 16863
127 114 3546
162 109 5741
7 123 25392
86 66 3467
52 37 30542
134 102 27598
115 149 14480
56 122 30500
100 19 22103
38 3 8369
64 161 1027
64 54 16995
43 88 12740
117 139 11259
155 5 4644
31 20 29505
161 68 21659
16 73 10634
113 122 7312
10 102 19698
86 7 14728
60 122 5579
138 79 20603
57 20 12582
49 95 20360
72 143 8089
87 115 31864
117 102 23422
142 156 982
56 100 11357
90 5 29061
39 75 13645
139 85 15638
104 127 27235
130 48 25429
87 129 15760
62 14 13248
126 35 3449
122 86 21473
99 150 16686
103 108 21454
27 67 4558
120 75 22065
111 119 24435
100 81 5032
81 56 8456
80 51 13414
105 22 5834
121 120 27727
54 112 30118
107 96 17675
75 131 21946
51 58 24264
52 156 22680
121 103 31645
21 13 19491
74 103 13003
19 106 5404
44 86 87
86 67 30904
119 135 23212
70 2 32474
5
117 44
18 122
138 60
52 61
92 21
159 603
114 158 8785
138 20 21804
26 81 30823
134 29 18079
37 75 17583
111 69 3875
46 146 22654
105 77 20490
81 141 10354
146 18 821
137 149 16941
36 96 28851
95 152 14020
115 16 16826
31 12 2356
78 87 12970
82 55 4731
141 114 2326
158 36 5412
7 144 21513
77 144 30832
68 30 27651
131 18 26457
143 7 30047
31 108 27169
66 63 8992
98 118 4407
91 26 29020
22 129 32394
1 49 21946
46 49 5800
103 153 18878
71 150 30015
136 14 26074
59 45 30933
65 23 21883
23 38 26574
129 44 2958
113 9 25891
97 77 7215
68 87 13651
48 26 19323
17 11 17520
1 102 2759
123 136 1115
22 99 5283
152 96 9870
107 74 28014
73 97 30462
31 87 4467
119 44 17919
134 2 23224
70 1 27959
113 40 30735
85 68 8179
29 155 31757
2 133 29062
98 141 26081
31 44 23678
37 122 24407
46 152 11208
118 36 4703
91 46 797
9 154 15854
144 9 30293
25 149 25884
61 68 14187
111 53 25795
149 116 29019
101 105 15121
148 131 31263
84 19 10699
87 70 12409
67 158 26412
77 85 10826
12 146 6829
42 97 24223
49 119 14873
74 134 17102
77 117 20655
58 36 29732
30 80 7504
31 147 4128
19 81 5598
67 38 23337
22 146 3422
63 29 23104
73 131 18300
52 32 7724
25 122 32632
31 24 16121
135 157 8623
145 56 31983
88 20 32316
127 39 14421
37 43 24678
91 109 907
51 124 2506
106 48 2915
69 62 24973
126 17 32719
32 34 1795
36 20 6956
11 25 13429
33 40 28894
1 33 18975
4 156 23538
118 42 17021
2 17 19719
128 78 2164
71 58 25259
88 29 32005
36 157 14823
80 73 15748
110 134 19645
84 27 15508
142 155 4797
93 55 20296
53 57 31738
15 39 15686
79 67 22796
50 145 32188
7 130 25310
30 48 25724
115 94 27511
56 7 27051
135 53 23815
3 13 15294
150 11 7896
6 41 16059
75 146 20468
35 37 19700
70 152 5537
33 99 19643
26 4 4097
49 21 19397
128 93 29047
145 152 7211
88 114 17826
36 126 14414
80 105 15116
136 146 18956
144 98 30389
68 128 1906
94 36 29844
130 69 12231
61 111 20513
8 33 27692
159 90 18088
115 106 17766
15 59 28197
107 29 30513
8 59 17514
118 43 31380
67 148 29739
71 129 31593
110 106 22721
9 32 28063
136 115 21648
66 58 18196
56 137 5956
87 44 26918
151 125 18543
7 75 4423
41 32 39
92 117 18994
118 125 23217
60 104 24484
149 101 5480
145 71 21650
110 109 21076
140 88 24669
155 150 11577
17 77 4471
54 25 2043
136 109 29802
101 24 11695
82 3 5199
86 28 29366
76 17 26121
78 26 7595
42 53 16869
110 120 30739
51 123 1910
86 102 14089
31 124 30137
117 55 19300
74 159 13804
9 153 26119
43 86 8605
44 124 26706
8 134 31963
95 75 25079
53 11 17296
113 55 29858
50 110 21866
64 106 19240
133 158 19934
103 130 5445
157 4 15919
115 104 31249
47 61 23928
84 8 678
34 93 10028
26 70 27582
30 26 23184
113 4 26671
103 133 28173
101 73 30592
3 96 24440
154 132 23324
13 12 26272
7 145 14799
36 97 444
97 84 29828
29 1 11157
41 26 24706
120 133 22909
34 72 23204
106 26 13174
82 3 17459
129 31 25360
34 129 17774
88 151 26088
122 146 31467
138 149 5847
30 17 19025
125 117 11555
28 150 20501
23 132 21342
45 58 31561
137 127 16303
40 118 19873
133 89 30136
77 91 9514
118 68 7776
119 22 17014
48 147 15387
34 61 14633
121 22 659
1 103 29213
52 148 20154
154 76 11691
120 26 14505
105 88 22956
143 65 2786
71 94 25169
6 50 8900
74 142 13807
65 28 27736
151 111 21315
101 43 24513
44 145 14045
136 67 12529
69 36 10171
43 62 21109
116 56 3129
143 53 4721
3 145 26581
81 38 1322
126 25 14214
50 95 12969
52 20 26005
104 114 9564
118 156 20273
129 145 5579
79 37 9529
110 22 5039
106 1 7929
101 154 18192
32 146 20672
149 20 17460
11 78 20897
154 27 908
82 154 698
107 95 27357
118 102 4056
93 84 1872
155 65 29778
71 121 12349
54 9 16488
113 149 22721
111 92 23192
41 71 27267
157 80 21917
95 61 11831
139 159 32531
54 85 5816
43 30 21496
115 19 18905
79 100 24454
128 159 3640
136 40 32276
26 89 26551
100 49 24833
132 30 13422
53 119 20951
2 124 6696
23 3 25131
93 146 6355
39 126 17117
63 66 12390
29 137 14542
108 158 18728
10 117 32719
141 5 7316
31 128 9709
116 100 3204
76 84 20690
108 86 3645
153 22 24485
14 34 31530
24 37 23499
106 57 28311
95 13 22339
155 89 22270
67 15 8306
21 43 20357
98 139 21385
64 14 1859
21 46 5579
91 66 18654
26 70 8540
151 76 12447
147 145 18532
139 23 6169
106 58 19617
43 68 1512
109 76 25804
146 84 21820
155 59 6996
19 5 7213
2 85 27222
44 101 26886
154 59 9961
94 55 3591
111 144 527
10 70 12378
12 112 12263
14 158 31265
27 57 13820
78 67 30958
120 105 1985
107 59 10501
156 6 10110
115 84 10297
138 56 9420
58 127 2843
32 16 21094
148 146 2973
100 146 21906
14 110 5607
124 96 12193
58 135 14088
133 124 6555
93 126 21530
79 65 20324
148 27 15382
83 158 22279
149 133 23783
14 159 15412
67 153 5271
105 106 8455
136 120 32174
14 35 15545
48 150 16915
47 142 13770
13 42 537
4 23 2243
137 145 17790
100 148 11687
102 148 19066
117 58 15773
140 113 27452
15 46 18314
73 49 19556
46 127 7569
75 64 10071
13 157 32419
34 31 22919
23 67 26299
75 26 32255
57 96 21837
150 105 18641
14 143 19729
147 95 13378
129 80 316
63 144 24001
108 98 25522
156 139 17675
88 126 25834
93 85 2573
94 6 367
152 92 22112
15 46 579
66 62 25975
108 137 27799
100 82 10967
83 48 21134
8 74 30700
19 5 23046
110 66 19289
64 41 12190
129 9 12766
69 141 2928
57 125 25883
74 19 14905
22 115 12002
138 105 6377
10 139 6104
102 92 27080
96 20 7820
116 85 12728
46 145 12371
90 152 12608
67 59 28554
52 77 24669
59 116 2828
19 142 25936
69 153 6399
10 23 7648
61 123 6977
29 91 20427
4 143 7713
42 132 16475
154 114 21031
8 116 7255
152 14 10261
70 16 4298
26 108 25193
118 28 2647
88 90 21002
60 137 5137
14 20 7137
117 152 4117
45 122 915
140 75 21326
94 117 23445
31 1 23347
14 43 30025
88 129 12128
115 154 19444
59 65 23123
89 39 15265
68 127 2999
10 140 29009
23 3 15364
54 20 29706
121 49 23645
121 130 16032
71 107 3823
115 95 28747
142 155 25412
83 80 11887
86 110 28483
154 95 31770
85 133 10450
16 41 7206
126 145 27997
45 34 6400
26 47 31658
116 115 22914
11 149 6587
146 54 19563
24 57 956
159 153 15438
41 140 25123
55 144 23572
24 98 13455
96 40 8292
20 32 11278
2 90 5267
58 157 10956
78 62 6627
158 7 22618
104 101 30271
57 94 16654
119 147 21426
65 96 7216
88 21 25675
128 135 26601
150 15 22068
58 134 23346
133 138 12829
15 20 3384
7 133 12876
26 45 28392
21 29 10993
157 8 7850
121 112 19604
82 5 1900
115 87 28591
48 137 29582
66 14 17624
3 128 4436
81 69 18184
149 122 10718
26 75 13784
81 29 19680
134 115 15319
157 135 17034
109 31 18751
79 117 612
106 20 9653
74 69 2310
24 76 23517
24 53 32759
154 122 30685
47 54 4630
94 12 11820
13 49 19548
148 84 29250
9 20 24024
84 72 23810
59 111 15152
138 33 4335
36 103 26898
142 113 7826
159 43 20052
44 21 21918
59 158 14780
21 39 32680
48 91 4253
21 41 18330
153 34 13008
97 61 7461
81 120 21946
114 70 17881
62 137 15184
14 139 5560
148 47 2916
21 139 1876
124 118 1177
66 94 12253
151 65 1996
130 59 26025
27 150 31718
46 38 28699
60 62 321
20 82 19956
107 77 13095
19 83 7033
46 82 6944
61 51 29674
37 108 19715
147 69 25153
135 129 13313
72 78 9014
82 99 14378
45 36 12024
63 55 24863
32 131 19224
92 113 17888
30 113 21916
24 49 17159
142 148 8250
143 132 26566
156 59 7967
138 90 8067
153 131 28885
51 152 8427
10 7 27940
137 147 27848
19 66 1796
94 141 30226
104 95 29176
86 130 14815
44 101 13671
152 132 26948
43 54 14547
21 99 8272
45 28 27132
94 79 19609
21 93 31311
88 60 11029
135 73 25401
37 94 30786
50 38 31016
17 4 24253
120 154 25453
133 25 12250
114 100 25398
17 158 20191
115 85 32343
106 127 17134
110 93 29351
152 44 27842
148 90 23815
86 30 13513
74 151 19328
132 124 31561
112 156 5109
113 142 30596
27 81 20821
88 11 21539
35 130 26463
20 145 1614
86 89 28999
116 52 27187
141 25 6631
74 151 27384
37 14 7230
121 115 13629
2
42 70
143 125
191 710
146 164 26425
161 172 9680
146 141 3172
89 129 21494
137 85 11183
91 156 15147
62 72 23890
76 182 31852
63 190 9899
90 29 22521
89 10 27903
68 151 5363
3 190 17400
155 167 22759
105 104 31370
158 72 9689
40 154 17475
141 110 13737
37 47 22066
9 24 8169
85 137 5610
190 85 13177
182 85 24135
90 37 16266
182 125 12549
19 94 16337
16 90 15693
129 118 3606
89 7 17077
126 66 28516
78 69 21874
43 117 7548
137 78 20495
91 140 32578
58 8 14213
28 135 12559
91 129 18895
28 154 20507
113 74 16687
76 23 29027
16 105 26919
188 190 22986
45 96 1281
29 179 26434
59 113 17064
100 33 22467
8 169 9666
150 187 11824
183 101 17690
95 122 21699
58 96 10419
166 183 22933
62 149 8471
56 30 3416
168 88 8396
7 44 13673
4 149 1768
72 6 14770
157 182 30269
34 117 3106
144 113 22175
8 51 19112
67 57 1572
112 65 7650
166 17 7797
60 35 26125
52 80 5770
17 188 13532
54 22 869
74 102 11828
138 125 23204
161 94 775
120 157 28680
75 104 8385
55 26 839
159 18 13574
40 143 9651
166 37 11049
134 36 20368
58 153 21046
144 18 25717
173 96 25049
119 28 19905
133 148 23223
67 134 14577
95 183 25886
184 189 5379
136 145 11164
112 176 3248
78 44 4510
187 27 30853
41 52 8419
7 60 21539
113 170 7903
73 186 26888
184 55 5998
3 184 9899
137 140 23648
143 170 21220
153 120 4546
114 153 11969
180 80 27896
7 44 11101
137 118 24830
96 45 10081
57 7 7277
83 5 14631
100 182 3609
103 59 4795
159 131 11096
88 22 25654
65 12 32607
111 13 5660
152 135 11575
122 94 6346
129 155 5677
145 83 10009
188 116 21715
111 81 2490
43 177 16619
171 35 30206
113 52 19156
157 56 24064
37 177 15690
160 71 16757
124 121 27297
57 121 5509
59 190 1727
143 165 32634
83 49 381
134 59 12590
47 97 11583
180 30 1918
160 18 27615
133 63 27175
135 133 4156
71 54 10713
43 163 11537
45 52 1133
168 37 14815
73 1 24693
122 34 23819
163 140 2209
83 161 22150
147 176 1208
177 39 2193
57 164 28939
165 120 1152
151 163 14001
132 104 24458
57 64 5612
57 5 30726
37 23 24966
110 68 19875
171 170 25865
115 127 12157
168 183 2333
151 104 22820
14 132 12404
167 120 13290
48 151 19721
86 143 25617
20 132 8348
36 51 29092
120 115 18840
17 65 14695
61 33 20988
86 176 20729
37 133 10908
81 50 17485
103 6 19796
107 135 20583
24 45 12817
20 185 7959
138 35 7405
190 168 16015
170 79 30501
156 36 16422
51 65 1020
131 124 4256
123 100 7915
130 15 25035
104 145 25263
63 112 12388
152 38 12566
27 178 25198
185 143 8591
142 176 31117
83 184 28917
145 36 12798
162 22 14097
117 134 29248
71 188 30385
91 183 30872
159 120 9085
90 46 2786
7 53 1222
97 147 25210
99 23 32515
43 163 28962
174 60 21951
74 156 15657
25 52 30235
26 70 16966
131 57 24118
57 59 20960
151 141 20508
101 63 10426
190 95 8756
53 62 9367
121 138 3555
76 73 25004
88 150 10608
90 54 29121
10 144 8427
177 145 1487
87 15 7268
108 33 3055
125 153 2091
28 145 15029
185 64 26397
84 114 27129
178 7 17701
178 89 321
127 12 20348
140 69 2052
52 183 25935
129 16 15993
103 122 28361
65 151 9659
66 98 16834
33 25 5215
142 59 8824
31 72 28881
3 160 21538
186 39 32019
152 161 58
147 136 22454
48 159 19664
53 46 1062
25 60 6471
34 187 152
45 49 22093
133 9 14912
50 188 6378
100 155 8348
32 120 12785
187 8 16116
80 142 2637
152 189 12125
182 115 6605
17 171 31970
5 15 20869
72 130 12965
59 4 5085
116 28 29710
156 13 9184
114 126 7786
69 83 8818
2 63 11904
189 60 2925
6 55 1291
80 43 32221
126 151 15132
38 66 16844
139 130 5067
173 26 17247
17 142 19139
142 77 28216
31 150 6029
29 60 17744
98 123 19369
157 25 4817
2 161 1489
5 141 26766
190 101 7929
20 12 13614
117 183 17902
25 14 15145
55 65 17574
123 95 3618
37 49 13969
98 161 12363
160 169 6547
44 111 19661
132 57 11125
119 1 11628
152 102 998
52 37 14566
61 54 24420
94 134 21687
134 36 10665
73 103 16455
118 137 5741
157 86 14518
119 129 3489
105 175 15289
44 4 27751
2 72 25925
59 18 11890
62 126 30465
15 161 2981
146 160 27060
68 62 1012
139 135 18474
36 85 18426
57 10 20542
146 29 30415
64 144 16916
172 191 23023
168 7 11945
178 34 11869
61 94 20028
116 33 13891
114 93 15422
95 25 20672
158 160 14797
165 146 15779
30 169 6379
13 119 4417
100 139 487
179 162 16554
123 104 12726
47 179 10475
120 62 27439
125 31 5147
179 148 28261
172 2 5479
62 36 12439
126 31 12637
153 174 5226
49 25 14874
164 70 21869
170 99 7990
62 83 2836
125 93 16252
33 161 26281
76 91 7883
143 167 27891
100 24 19643
84 63 14195
62 164 22744
47 145 4747
97 92 30608
58 173 25843
34 16 1835
166 50 573
40 185 1632
44 73 11613
31 7 22118
19 161 29041
105 156 24726
137 188 26171
151 23 31732
43 99 17160
32 141 18750
155 39 7676
89 75 15436
11 15 12032
167 82 16358
136 68 13501
54 7 23909
27 167 32616
114 121 9137
159 157 30806
142 20 16760
188 81 3718
151 140 29884
24 70 4008
115 149 9725
90 123 29255
155 113 20404
12 113 16677
117 23 17119
188 143 230
31 113 32695
22 182 24735
59 97 17921
79 132 6880
30 117 17003
191 52 28756
119 141 26357
105 64 26135
168 178 6749
124 59 16698
91 4 3835
6 184 26180
4 130 19356
28 47 7815
32 154 20792
73 99 7841
84 186 24213
105 125 20612
127 141 12087
61 31 10455
2 52 17711
170 163 659
110 106 26020
151 80 27941
128 16 32297
41 27 22653
11 68 15686
186 115 26577
37 109 21171
4 168 16128
51 4 7229
141 153 10195
108 47 2636
175 168 17304
135 20 21373
136 15 29375
102 41 12507
164 19 32652
13 28 25738
98 20 14835
46 35 19215
149 14 25147
170 120 15221
52 190 19714
76 143 5371
5 10 26280
125 91 6422
3 100 30047
8 16 9964
65 1 20570
95 62 532
92 155 7219
124 43 27095
157 112 3328
90 5 22710
55 78 24357
182 40 23833
12 112 9415
70 13 5467
143 62 9051
2 115 8720
9 103 18632
87 163 2046
1 110 29810
112 94 17545
182 7 10946
133 126 21116
97 112 18958
154 51 22134
189 18 3567
39 108 29028
34 102 10841
37 148 7379
132 19 6692
34 11 18428
99 187 29884
159 70 32215
143 55 19759
25 141 31638
157 190 20701
117 76 7262
134 79 9837
139 29 10773
56 152 32216
49 114 19606
116 138 26793
23 31 18361
39 7 32193
33 161 19944
10 148 3644
23 166 12338
169 153 22872
144 133 30249
95 40 19297
187 99 14052
135 90 30734
34 61 14849
94 20 15065
49 74 17015
159 82 18488
64 14 16026
113 183 4287
94 24 16290
164 167 13201
190 83 24716
115 179 28588
12 90 30520
42 119 7157
141 103 23560
191 86 15374
27 165 4979
78 43 23644
155 189 580
11 121 2501
185 177 24703
163 51 2580
93 37 10278
121 176 32767
81 39 5194
116 29 29250
186 180 14899
11 30 20309
16 44 10633
111 51 3995
106 80 8633
31 90 5669
152 64 6669
107 157 29790
185 83 26426
158 90 20273
177 35 1096
134 48 25748
126 189 15900
18 148 9848
50 89 2074
140 90 7307
4 190 25999
52 118 20564
158 154 26336
107 171 32655
32 61 2749
191 89 16084
104 43 12990
108 98 10987
67 163 6200
147 70 20827
181 52 6444
39 166 10527
126 164 7839
163 15 23161
181 33 5310
43 62 16738
191 65 17042
15 98 6153
170 3 4664
36 78 8026
15 105 23512
94 133 31115
148 89 21713
91 118 20249
63 93 12751
62 149 20675
189 177 9670
104 100 18779
103 93 275
40 30 18578
79 122 6946
126 89 3070
23 132 13937
38 74 15891
35 135 460
151 154 31426
140 120 2829
90 173 22521
7 94 14033
163 176 1089
56 99 28114
42 39 30759
100 64 31730
29 173 18225
186 132 26138
142 95 25488
178 24 4976
13 54 13272
56 124 23454
23 104 15441
61 122 12055
163 109 26062
168 27 28575
92 128 10764
82 20 32392
126 1 12793
7 175 21333
74 111 19590
171 6 26826
107 71 9414
122 60 18327
37 20 21636
97 135 15635
153 33 27812
102 100 12748
177 76 24290
187 66 26323
178 5 27846
182 124 29201
128 146 28148
184 70 28930
22 127 29721
23 62 26282
157 124 7456
137 150 25770
57 63 21634
108 16 18606
62 169 27324
49 29 20151
81 175 22107
58 49 19950
45 164 13348
58 5 30973
93 142 17456
83 101 15397
124 109 16415
180 88 8841
114 52 2742
50 178 22886
86 63 29555
46 84 17196
142 113 10507
102 96 26049
156 5 3014
146 149 9797
110 9 27956
176 52 2615
3 134 31928
46 80 26830
151 168 14547
48 166 26848
73 81 19261
63 112 9898
92 25 18984
135 69 14937
4 21 831
137 159 25388
4 145 17738
86 135 9331
26 70 9076
90 70 30954
164 48 31141
171 67 13850
96 184 7035
180 125 7363
151 112 8118
24 63 13443
10 191 14397
27 152 16430
10 168 2822
113 101 9625
186 75 6786
151 120 24260
165 117 3172
134 69 17320
76 144 5074
9 189 784
133 136 102
65 97 17994
11 52 1422
26 30 3734
185 67 17953
184 7 11410
178 130 7757
153 175 4384
67 161 6695
65 101 29815
57 172 4475
164 43 15184
92 89 4545
107 99 27522
49 86 9520
147 177 14434
43 95 12909
62 168 1210
7 52 12878
93 98 31553
46 77 24986
43 84 24527
51 181 29405
99 75 19149
14 82 10402
4 94 28038
85 6 15018
88 115 6506
89 104 2312
101 94 23908
147 95 30238
170 96 29644
30 179 23794
50 111 16542
130 185 2907
190 63 4864
157 13 32744
61 37 3647
30 141 31132
131 31 23998
79 94 15310
138 92 29850
32 46 21197
121 43 25838
119 71 13855
141 143 9202
55 15 27497
3 1 10103
126 191 22891
51 112 32359
187 22 23700
66 25 10575
20 31 30483
179 7 22819
80 158 13432
42 106 10687
188 134 7490
180 71 15046
77 80 28900
60 172 1269
169 26 23854
59 145 17166
59 172 8226
91 99 3280
44 126 32144
107 117 10186
105 110 17432
58 43 25831
99 64 21856
89 126 29440
86 38 21409
184 28 11738
7
112 176
130 181
31 165
177 50
123 131
31 18
76 12
145 906
118 54 18833
97 104 26759
96 84 8767
13 117 32149
68 73 23447
39 11 18799
127 61 15745
93 50 19196
91 21 14379
43 7 20928
64 58 19689
117 23 16521
122 57 21102
143 85 18980
117 34 26127
86 35 10679
29 134 32523
113 94 8337
98 69 31252
38 74 16777
144 50 25222
12 102 22092
45 141 3088
66 65 1317
96 104 2755
8 38 24099
26 41 4282
45 76 11438
120 124 32729
90 121 26342
19 88 25432
13 27 26209
115 27 22552
45 6 20006
75 97 31721
47 59 12275
47 118 6999
54 59 14129
86 2 21137
116 67 27177
8 90 386
94 66 588
80 30 7236
80 129 695
54 145 22628
81 95 8242
66 59 19638
29 61 20573
26 6 7345
133 130 32205
88 104 2433
84 117 32064
31 114 4694
103 143 1075
55 133 31384
42 34 7045
71 58 26628
93 126 26852
39 125 9195
132 53 16436
74 124 12794
94 3 19009
6 35 13402
83 95 16458
108 133 18450
9 118 21582
116 131 30175
99 142 27679
9 20 21262
95 29 27051
124 71 19191
52 27 25850
96 82 5411
50 81 3279
25 84 25937
76 107 26866
17 124 14790
98 9 1415
50 12 8633
20 125 12551
10 93 14518
126 55 32431
110 12 13638
72 78 15744
46 91 6218
100 17 6191
14 121 6082
19 98 11399
94 69 6907
99 105 10551
87 29 22361
29 115 30466
43 114 9268
35 55 11966
58 19 16773
135 89 12211
47 45 24664
3 76 8759
49 80 3384
143 117 8338
122 110 31764
5 72 13461
66 34 29259
43 50 25194
42 31 30438
7 19 10626
109 140 23078
42 106 19122
110 87 23789
98 73 20186
33 103 5553
2 71 19373
90 29 29683
90 131 19565
135 139 17530
13 29 8900
42 95 10168
82 28 18422
137 2 22822
142 78 28962
81 65 16768
32 62 6486
10 56 26396
76 31 6514
47 63 28563
26 13 5549
18 43 9768
62 8 12318
90 32 1851
43 113 28440
22 95 19124
86 36 15688
140 5 22176
71 54 19081
60 118 20178
95 52 30333
49 108 6550
86 24 20059
15 74 31176
43 113 21663
134 32 6388
120 24 9390
78 52 15430
17 78 23950
112 40 30064
136 23 26162
6 21 31965
101 57 25370
99 118 5306
71 16 26674
72 10 27841
74 80 25389
52 15 7575
63 66 25919
40 110 22772
101 133 5305
71 48 27845
30 106 27728
90 121 11903
67 128 20985
47 120 30503
80 6 16683
123 53 14410
37 66 2736
86 11 16667
62 122 32112
37 54 24095
61 106 7548
64 4 812
17 2 252
131 24 8871
94 122 17116
80 23 1601
60 14 18753
74 28 15533
112 69 29228
91 47 19713
9 141 8930
16 45 11189
94 12 18144
132 87 13961
43 4 4497
76 118 5052
51 7 25088
114 135 1616
7 68 2605
127 44 27728
75 114 995
4 95 32089
103 123 23319
145 105 20180
117 143 23087
122 109 28827
144 58 24276
21 105 28684
69 129 15888
46 139 2221
120 35 21736
111 91 4335
14 144 24247
41 76 5813
103 14 31985
110 12 29356
32 139 5142
33 109 10898
89 93 20482
142 126 6652
22 10 21977
61 21 22088
104 137 29761
66 110 28075
93 23 4775
105 38 19115
22 40 18115
139 138 31841
85 35 25498
38 15 14670
13 102 6054
79 13 30133
87 116 22523
74 28 10158
17 105 29808
91 27 8819
82 141 21825
138 8 8090
77 59 7335
21 90 26668
130 83 18252
114 54 26853
49 27 31921
83 71 9214
120 28 7389
132 69 14414
76 134 19181
11 61 26789
44 50 19545
98 66 32687
80 45 8977
113 36 27586
115 128 23742
80 71 19300
83 19 15302
52 77 11883
108 90 12005
40 118 22782
32 99 4737
133 55 11506
117 58 761
91 116 21288
91 98 10659
54 85 8697
93 89 30263
47 81 24281
70 137 13524
46 70 10421
73 45 29927
34 107 26043
92 60 20380
88 76 19074
43 137 23706
68 90 18906
41 72 6722
78 13 17319
47 135 19109
57 67 28304
20 67 22761
5 57 2922
70 141 21213
34 3 17071
80 129 28903
80 13 27479
16 66 6803
43 37 14320
15 122 24680
23 54 12748
19 107 5074
73 32 21403
82 112 3139
86 37 19400
127 105 21719
23 140 17527
114 116 28
89 116 20981
18 77 18385
108 94 10740
57 73 31930
83 128 21747
98 88 11994
100 82 30870
115 101 28842
64 63 29925
31 16 14388
110 44 10148
72 59 14100
29 85 4161
82 144 7879
29 118 5137
27 83 14556
141 113 5587
20 71 4826
19 71 17578
67 86 19452
92 28 17939
113 69 26385
53 14 31617
120 44 27936
52 80 28584
107 65 15782
35 103 16537
117 67 12162
122 108 29499
135 82 12779
76 51 20946
102 58 32520
98 35 6785
43 77 14848
140 93 9238
139 118 4251
77 103 3714
58 90 15568
102 14 25028
76 62 7370
104 129 31023
144 118 6225
137 42 4700
52 78 16542
106 28 7715
122 44 5115
30 97 22379
48 5 8383
52 126 30392
60 27 31624
75 27 27321
96 3 10951
143 56 7501
113 107 27544
68 84 9010
92 20 19185
126 23 9028
46 51 7689
115 66 2330
15 104 5925
12 57 12172
63 115 15100
23 81 23060
53 17 32378
78 32 7248
71 13 32727
141 120 22158
29 145 9872
56 43 8952
33 12 22186
144 58 22362
24 97 31596
34 107 15458
72 33 23987
53 111 30437
10 143 4038
134 101 31087
119 99 30388
68 37 17265
121 123 15778
92 36 246
1 63 22931
53 9 6309
118 36 17549
8 51 12144
108 36 19762
48 5 28756
35 97 21529
143 38 19426
115 21 8848
125 6 13969
96 113 16022
11 132 32267
78 67 20000
135 79 27890
66 96 20498
87 103 29134
83 16 15209
134 26 10531
39 63 1426
13 35 21473
18 7 14047
2 145 15022
71 98 8337
103 51 5046
131 102 2559
58 23 1033
77 65 21176
22 140 5802
37 47 9648
25 98 21216
23 34 32223
140 52 18540
28 122 30425
32 15 17316
75 101 17476
13 5 13487
16 70 16702
137 100 31827
16 80 25866
76 142 5650
126 74 7327
35 132 19081
74 67 8436
128 73 1614
145 60 28691
69 131 28871
130 27 9058
114 53 15266
96 136 1953
118 105 12034
33 137 11147
110 61 32635
32 29 8224
126 136 21102
38 41 29180
109 72 19048
143 57 1359
124 73 22668
14 41 1616
117 111 12604
2 32 7735
21 51 29041
73 68 8496
1 33 3972
71 88 960
96 111 27992
103 40 9870
45 91 6955
93 126 32146
114 129 24939
137 53 21533
47 71 19818
98 117 302
39 60 4045
51 103 22547
93 62 19702
92 136 3916
136 131 24298
85 104 19490
126 85 17764
106 56 2934
69 101 27651
106 44 20659
119 40 22495
13 82 27109
39 127 1267
122 26 17508
17 93 4365
53 30 20379
69 43 5447
109 41 21444
97 73 4158
25 125 193
54 9 21117
58 96 23885
37 21 19414
129 71 14658
16 80 13211
64 84 26018
89 35 7932
100 20 19367
128 43 32755
34 54 6154
51 93 3203
50 59 8756
112 118 309
9 95 3883
14 30 25368
114 108 32324
21 122 9397
104 65 25098
9 77 11949
114 27 4577
132 126 6141
32 136 12610
90 80 8996
122 84 20391
80 70 11413
124 32 12419
141 3 27711
98 140 3290
24 81 3858
35 135 26702
63 123 3783
52 25 20933
71 91 7516
100 11 11247
87 24 18171
62 25 29780
19 73 26692
81 127 32698
114 35 4155
16 60 22772
134 87 11333
111 2 27529
143 9 16884
5 84 30122
107 131 19864
42 14 30068
127 98 28110
50 136 29554
82 8 9086
110 105 16594
137 22 27411
127 139 2522
39 79 7881
134 135 3440
58 37 15202
15 10 28894
108 70 6060
32 60 4880
130 94 13461
87 59 1285
145 125 20164
18 50 29989
100 111 7151
102 65 31163
118 128 28006
70 21 19148
50 18 7818
21 34 13809
66 26 4394
95 10 30477
76 42 21247
47 35 14066
36 78 11959
84 125 19794
1 24 12373
134 73 5512
44 1 22480
68 70 15911
79 133 9775
104 6 2383
49 129 12446
66 6 2099
79 25 16945
10 35 1624
122 81 8256
121 4 10614
45 99 3762
9 41 20737
74 88 2192
20 135 3268
126 48 5800
120 23 9235
27 43 4407
104 43 12161
137 73 15055
130 59 17692
42 104 20979
23 64 15261
29 95 17435
21 22 8975
140 99 26662
21 105 20946
62 45 24416
38 82 23321
123 125 17314
3 98 29
88 20 28223
36 41 16325
111 143 14003
117 133 8314
80 48 22867
123 139 15954
34 109 5485
122 9 7139
37 16 20380
67 71 3437
40 128 24351
88 59 13666
36 59 28092
100 25 21023
61 10 2494
3 42 21285
22 16 25115
139 15 15765
81 18 7087
92 87 18572
3 21 5865
114 77 705
89 57 22729
78 42 4558
142 78 10810
6 101 21134
104 27 1911
30 3 17419
75 56 23663
35 56 12024
31 102 11375
13 53 31147
116 35 29309
98 84 7433
61 46 5405
100 37 18677
119 31 895
133 103 1809
18 33 19276
41 132 8434
4 29 32126
15 98 19236
26 32 24085
80 95 10372
4 53 28031
91 104 12761
83 114 11276
33 138 31681
144 30 22222
67 41 18752
25 34 6825
25 143 25493
35 27 9609
123 119 24612
102 21 26356
125 18 25495
113 68 2159
82 124 7554
14 107 31603
108 103 14890
29 100 15849
73 23 28744
103 75 30552
63 41 11991
99 30 8280
108 53 21329
93 110 21222
40 135 19177
82 118 32161
132 124 8608
91 30 19748
13 105 22602
36 64 1526
128 47 30428
90 88 3781
112 135 17053
114 104 24038
120 114 22540
111 46 11862
82 7 13980
2 134 8103
71 61 8339
97 103 424
73 45 7091
87 42 22434
96 11 28526
109 92 26752
8 93 17372
115 19 18496
142 114 4268
91 80 31868
56 119 28092
31 104 243
108 21 7981
28 95 21064
25 112 29950
95 64 5254
5 127 23198
73 102 14338
79 109 19695
3 27 31400
115 61 28083
140 96 7401
3 49 8539
70 56 26806
15 141 8358
11 5 3661
137 145 14758
1 108 11721
64 95 13296
20 143 30130
61 29 31277
28 12 24064
1 51 24391
22 2 1094
24 102 8158
111 38 22798
139 127 12503
73 57 30597
38 25 4629
76 106 30725
102 145 18628
57 19 9001
46 84 26298
17 75 28260
4 139 11486
113 83 27735
136 94 29848
74 43 10847
23 5 12454
116 70 8712
8 116 4094
59 58 16494
99 121 11649
51 107 24244
141 114 19868
82 38 11800
46 105 1850
121 60 24389
108 79 26518
49 40 32767
58 43 14526
107 57 31546
102 59 8429
23 79 10031
39 11 25874
19 53 10778
106 30 17167
77 63 2467
34 68 10391
88 31 16923
20 67 4540
21 74 6680
63 22 9858
126 114 23571
106 18 20763
92 99 790
23 128 3733
65 2 2206
132 16 14876
104 22 12602
145 135 5922
108 31 17040
56 8 30991
15 9 18633
70 21 10050
127 85 12590
74 21 32532
48 94 11905
117 52 18483
62 100 29306
24 85 18491
98 50 13692
43 107 17139
62 87 27990
15 120 6345
30 6 25939
110 98 16609
112 90 26066
109 141 27991
98 142 25441
108 90 5428
12 129 21056
121 70 24538
42 20 2558
90 138 19527
118 126 16319
142 92 11096
127 109 27533
70 19 32392
143 116 26144
62 56 13446
123 106 25830
23 138 26509
36 24 13398
20 95 9392
75 124 2646
43 81 26071
51 33 11682
11 134 28721
80 52 20594
102 55 18222
41 23 11225
5 95 26738
67 145 30342
34 53 7994
11 124 3318
134 36 32292
131 59 23100
29 89 1123
39 2 6114
116 126 12220
141 95 8336
109 2 20201
44 37 9346
45 2 24623
3 12 24563
48 135 13894
104 1 21249
107 22 4591
29 28 14269
63 91 26819
64 123 24159
69 42 16932
22 117 216
128 65 31064
20 6 22074
6 110 24623
15 38 938
134 45 16329
115 144 19419
55 23 7515
124 102 24386
26 110 1790
74 44 16003
103 20 27914
59 16 30924
2 43 26566
30 94 19700
133 123 25909
29 57 23092
24 106 9932
4 39 16500
122 68 205
104 31 15379
21 30 55
72 50 14314
128 125 4493
117 44 25808
73 133 7721
62 63 3140
55 40 6425
94 132 31752
97 12 13742
119 53 1751
123 137 20814
140 19 14976
95 14 18215
100 80 9723
38 94 16333
137 3 27239
138 39 26613
103 128 26597
25 108 8388
10 126 13263
91 139 361
22 132 14276
1 83 13567
103 60 29037
23 44 12524
137 55 22814
65 112 16176
78 64 2448
44 30 13674
80 95 28011
28 59 15482
85 69 1887
43 124 5635
58 27 28658
127 63 9282
17 3 28759
115 72 28148
69 88 17379
94 65 15161
9 25 4611
127 94 2498
4 76 12470
21 26 17829
32 126 17404
60 72 16808
120 94 26818
26 100 9455
133 109 23076
32 95 15683
137 41 30241
11 115 11378
61 125 17182
40 11 3195
79 118 10690
138 89 14721
107 11 3856
55 40 16820
92 49 26830
111 112 23225
13 93 23196
80 87 31029
44 132 29760
76 26 4744
98 82 23067
95 110 31192
43 84 1727
65 127 253
19 52 283
44 53 23283
72 121 25790
69 134 210
26 111 539
114 97 23429
43 67 15063
134 112 950
125 10 8837
139 26 22180
29 71 26211
97 21 14815
142 81 7916
109 74 294
114 39 1117
95 116 20688
145 108 7046
63 2 23693
52 47 25208
19 39 21862
18 142 23788
23 73 2872
56 142 11902
61 131 1321
113 133 17679
126 121 29127
8 73 32747
83 46 6864
25 96 20605
44 60 20943
6 102 6089
102 90 25109
3
18 131
76 139
130 84
