51
46
6
17
8
21
13
45
22
9
41
61
16
36
23
30
51
32
51
14
20
82
69
84
0
74
6
45
82
32
57
0
7
9
72
35
38
8
38
36
41
25
15
7
53
46
26
1
7
30
8
10
6
20
9
22
6
19
26
66
10
88
12
3
32
12
22
56
53
66
32
20
43
22
26
20
10
15
32
64
82
48
0
9
30
63
33
79
0
38
16
8
29
13
21
67
36
9
53
60
3
43
7
11
41
22
21
12
70
53
26
24
28
19
14
8
12
43
24
12
46
54
53
59
29
39
48
74
1
15
43
2
22
0
51
42
19
24
38
54
46
35
5
51
37
54
42
57
1
38
65
7
84
84
31
26
21
54
9
49
46
66
84
8
60
2
42
18
37
19
11
4
53
67
34
70
13
12
14
64
29
47
0
57
11
65
8
47
2
32
27
6
17
47
33
13
23
30
63
54
11
55
1
49
11
89
92
71
0
22
7
70
80
39
8
4
26
43
16
28
64
35
14
15
66
65
18
3
0
34
19
68
66
3
29
78
32
0
15
0
35
38
20
28
47
18
11
14
68
36
22
74
39
4
63
42
14
24
47
9
14
76
58
38
33
82
20
20
2
2
0
81
56
15
12
10
19
34
56
22
22
63
29
36
18
10
25
22
20
85
9
7
51
51
23
6
59
85
85
26
77
10
47
30
74
24
7
69
65
28
8
16
38
65
12
46
69
1
36
29
78
7
26
12
5
26
15
17
30
20
15
87
31
34
16
15
19
34
30
30
44
68
49
36
4
40
52
21
21
46
12
10
20
0
38
14
3
67
9
76
58
13
12
57
13
3
26
13
41
19
7
40
64
23
47
58
64
5
9
38
39
55
7
70
4
20
17
28
12
20
8
8
23
72
7
49
9
66
30
6
6
14
22
28
32
65
13
61
20
5
37
25
43
21
21
20
5
59
19
37
21
60
13
0
5
17
71
25
30
40
56
11
32
7
10
1
63
28
26
8
33
35
93
29
7
58
38
16
0
39
3
12
11
44
64
10
20
61
33
89
28
69
51
37
54
6
2
3
5
12
93
79
11
17
23
2
2
73
24
10
13
36
2
6
47
42
36
54
12
12
83
21
8
9
7
31
11
5
51
51
30
64
34
23
15
54
14
18
47
32
15
14
75
18
40
60
24
40
44
19
14
36
27
70
15
10
14
12
2
32
64
3
10
5
37
15
74
2
50
35
20
52
42
7
19
21
64
37
37
7
3
4
52
15
32
0
36
38
28
66
61
12
48
21
63
13
39
15
80
7
20
67
80
12
60
22
12
69
66
5
5
5
25
37
18
10
76
14
4
20
36
36
58
63
85
30
48
30
72
10
48
19
9
2
6
32
19
41
39
19
20
74
65
86
38
5
4
49
24
34
2
23
30
9
9
0
32
36
78
15
46
11
71
27
51
70
35
8
59
31
41
31
5
5
37
66
67
86
1
8
25
37
34
37
42
49
64
16
29
50
46
13
14
9
47
51
46
49
63
4
49
38
11
12
13
69
54
15
30
40
33
13
41
36
17
2
48
54
5
1
35
49
70
54
21
10
67
0
49
30
39
51
38
3
39
7
23
3
2
5
44
48
9
6
4
31
11
16
7
39
29
42
19
14
84
12
13
15
34
51
33
18
38
5
59
46
38
8
28
0
32
38
47
67
61
40
37
44
22
4
50
44
12
49
93
43
37
59
1
83
47
19
2
5
51
75
6
62
9
19
37
12
3
27
6
71
8
5
18
11
44
44
11
11
59
41
2
19
67
42
59
43
30
64
80
2
48
33
7
27
11
0
61
20
27
69
72
51
14
50
5
0
42
6
21
15
0
40
21
10
24
28
54
17
4
13
58
28
32
31
48
63
4
86
35
31
58
41
92
21
34
31
40
14
57
16
37
79
19
25
3
24
36
4
9
72
3
11
50
11
69
2
24
10
37
22
56
55
22
38
38
69
1
39
5
10
43
3
2
9
8
38
68
58
7
28
25
35
24
42
52
37
29
43
19
6
5
42
24
28
50
