-1
-1
-1
-1
-1
-1
-1
-1
-1
-1
-1
-1
-1
-1
-1
-1
-1
-1
-1
-1
-1
-1
-1
-1
-1
-1
-1
-1
-1
-1
-1
-1
-1
-1
-1
-1
-1
-1
-1
-1
-1
-1
-1
-1
-1
-1
-1
-1
-1
-1
-1
-1
-1
-1
-1
-1
-1
-1
-1
-1
-1
-1
-1
-1
-1
-1
-1
-1
-1
-1
-1
-1
-1
-1
-1
-1
-1
-1
-1
-1
-1
-1
-1
-1
-1
-1
-1
-1
-1
-1
-1
-1
-1
-1
-1
-1
-1
-1
-1
-1
-1
-1
-1
-1
-1
-1
-1
-1
-1
-1
-1
-1
-1
-1
-1
-1
-1
-1
-1
-1
-1
-1
-1
-1
-1
-1
-1
-1
-1
-1
-1
-1
-1
-1
-1
-1
-1
-1
-1
-1
-1
-1
-1
-1
-1
-1
-1
-1
-1
-1
-1
-1
-1
-1
-1
-1
-1
-1
-1
-1
-1
-1
-1
-1
-1
-1
-1
-1
-1
-1
-1
-1
-1
-1
-1
-1
-1
-1
-1
-1
-1
-1
-1
-1
-1
-1
-1
-1
-1
-1
-1
-1
-1
-1
-1
-1
-1
-1
-1
-1
-1
-1
-1
-1
-1
-1
-1
-1
-1
-1
-1
-1
-1
-1
-1
-1
-1
-1
-1
-1
-1
-1
-1
-1
-1
-1
-1
-1
-1
-1
-1
-1
-1
-1
-1
-1
-1
-1
-1
-1
-1
-1
-1
-1
-1
-1
-1
-1
-1
-1
-1
-1
-1
-1
-1
-1
-1
-1
-1
-1
-1
-1
-1
-1
-1
-1
-1
-1
-1
-1
-1
-1
-1
-1
-1
-1
-1
-1
-1
-1
-1
-1
-1
-1
-1
-1
-1
-1
-1
-1
-1
-1
-1
-1
-1
-1
-1
-1
-1
-1
-1
-1
-1
-1
-1
-1
-1
-1
-1
-1
-1
-1
-1
-1
-1
-1
-1
-1
-1
-1
-1
-1
-1
-1
-1
-1
-1
-1
-1
1
-1
-1
-1
-1
-1
-1
-1
-1
-1
-1
-1
-1
-1
-1
-1
-1
-1
-1
-1
-1
-1
-1
-1
-1
-1
-1
-1
-1
-1
-1
-1
-1
-1
-1
-1
-1
-1
-1
-1
-1
-1
-1
-1
-1
-1
-1
-1
-1
-1
-1
-1
-1
-1
-1
-1
-1
-1
-1
-1
-1
-1
-1
-1
-1
-1
-1
-1
-1
-1
-1
-1
-1
-1
-1
-1
-1
-1
-1
-1
-1
-1
-1
-1
-1
-1
-1
-1
-1
-1
-1
-1
-1
-1
-1
-1
-1
-1
-1
-1
-1
-1
-1
-1
-1
-1
-1
-1
-1
-1
-1
-1
-1
-1
-1
-1
-1
-1
-1
-1
-1
-1
-1
-1
5
-1
-1
-1
-1
-1
-1
-1
-1
-1
-1
-1
-1
-1
-1
-1
-1
-1
-1
-1
-1
-1
-1
-1
-1
-1
-1
-1
-1
-1
-1
-1
-1
-1
-1
-1
-1
-1
-1
-1
-1
-1
-1
-1
-1
-1
-1
-1
-1
-1
-1
-1
-1
-1
-1
-1
-1
-1
-1
-1
-1
-1
-1
-1
-1
-1
-1
-1
-1
-1
-1
-1
-1
-1
-1
-1
-1
-1
-1
-1
-1
-1
-1
-1
-1
-1
-1
-1
-1
-1
-1
-1
-1
-1
-1
-1
-1
-1
-1
-1
-1
-1
-1
-1
-1
-1
-1
-1
-1
-1
-1
-1
-1
-1
-1
-1
-1
-1
-1
-1
-1
-1
-1
-1
-1
-1
-1
-1
-1
-1
-1
-1
-1
-1
-1
-1
-1
-1
-1
-1
-1
-1
-1
-1
-1
-1
-1
-1
-1
-1
-1
-1
-1
-1
-1
-1
-1
-1
-1
-1
-1
-1
-1
-1
-1
-1
-1
-1
-1
-1
-1
-1
-1
-1
-1
-1
-1
-1
-1
-1
-1
-1
-1
-1
-1
-1
-1
-1
-1
-1
-1
-1
-1
-1
-1
-1
-1
-1
-1
-1
-1
-1
-1
-1
-1
-1
-1
-1
-1
-1
-1
-1
-1
-1
-1
-1
-1
-1
-1
-1
-1
-1
-1
-1
-1
-1
-1
-1
-1
-1
-1
-1
-1
-1
-1
-1
-1
-1
-1
-1
-1
-1
-1
-1
-1
-1
-1
-1
-1
-1
-1
-1
-1
-1
-1
-1
-1
-1
-1
-1
-1
-1
-1
-1
-1
-1
-1
-1
-1
-1
-1
-1
-1
-1
-1
-1
-1
-1
-1
-1
-1
-1
-1
-1
-1
-1
-1
-1
-1
-1
-1
-1
-1
-1
-1
-1
-1
-1
-1
-1
-1
-1
-1
-1
-1
-1
-1
-1
-1
-1
-1
-1
-1
-1
-1
-1
-1
-1
-1
-1
-1
-1
-1
-1
-1
-1
-1
-1
-1
-1
-1
-1
-1
-1
-1
-1
-1
-1
-1
-1
-1
-1
-1
-1
-1
-1
-1
-1
-1
-1
-1
-1
-1
-1
-1
-1
-1
-1
-1
-1
-1
10
-1
-1
-1
-1
-1
-1
-1
-1
-1
-1
-1
-1
-1
-1
-1
-1
-1
-1
-1
-1
-1
-1
-1
-1
-1
-1
-1
-1
-1
-1
-1
-1
-1
-1
-1
-1
-1
-1
-1
-1
-1
-1
-1
-1
-1
-1
-1
-1
-1
-1
-1
-1
-1
-1
-1
-1
-1
45
-1
-1
-1
-1
-1
-1
-1
-1
-1
-1
-1
-1
-1
-1
-1
-1
-1
-1
-1
-1
-1
-1
-1
-1
-1
-1
-1
-1
-1
-1
-1
-1
-1
-1
-1
-1
-1
-1
-1
-1
-1
-1
-1
-1
-1
-1
-1
-1
-1
-1
-1
68
-1
-1
17
-1
-1
-1
-1
-1
-1
-1
-1
-1
-1
-1
-1
-1
-1
-1
-1
-1
86
-1
-1
-1
-1
-1
10
-1
-1
19
-1
-1
-1
-1
-1
-1
-1
-1
-1
-1
-1
-1
-1
-1
-1
-1
-1
-1
-1
-1
-1
-1
-1
-1
-1
-1
-1
-1
-1
-1
-1
-1
-1
-1
-1
-1
-1
-1
-1
-1
-1
-1
-1
-1
-1
-1
-1
-1
-1
2
-1
-1
-1
-1
-1
-1
-1
-1
-1
-1
-1
-1
-1
-1
-1
-1
-1
-1
-1
-1
-1
-1
-1
-1
-1
94
29
-1
-1
-1
-1
-1
3
-1
-1
-1
-1
-1
-1
-1
-1
-1
-1
-1
-1
-1
-1
-1
137
-1
-1
-1
-1
98
-1
-1
-1
-1
-1
-1
92
-1
-1
-1
-1
-1
-1
-1
-1
-1
-1
-1
-1
-1
-1
-1
-1
-1
-1
-1
-1
-1
-1
-1
-1
-1
29
-1
-1
-1
-1
-1
-1
-1
146
-1
-1
-1
133
-1
-1
-1
-1
-1
-1
-1
-1
119
-1
-1
-1
-1
-1
-1
107
-1
-1
45
-1
174
-1
-1
3
-1
-1
-1
-1
-1
-1
-1
-1
-1
-1
-1
-1
-1
-1
-1
-1
-1
-1
-1
-1
-1
0
-1
-1
-1
-1
147
-1
-1
257
-1
-1
-1
114
-1
-1
-1
123
-1
100
-1
-1
-1
-1
-1
151
-1
-1
8
-1
72
-1
-1
-1
-1
-1
-1
-1
-1
-1
248
52
-1
-1
-1
-1
-1
-1
-1
-1
163
-1
-1
-1
-1
-1
147
-1
-1
-1
-1
114
-1
-1
-1
-1
-1
-1
-1
38
-1
-1
-1
-1
-1
-1
-1
19
-1
-1
-1
-1
-1
-1
-1
-1
-1
-1
102
-1
-1
-1
-1
132
-1
-1
-1
-1
-1
-1
-1
-1
-1
-1
-1
-1
-1
-1
-1
-1
-1
102
-1
-1
-1
-1
-1
-1
-1
-1
152
-1
-1
66
-1
-1
-1
-1
251
228
-1
-1
1
77
-1
-1
119
-1
-1
-1
-1
-1
-1
-1
-1
-1
-1
-1
-1
-1
-1
-1
-1
299
231
213
-1
45
-1
-1
-1
219
-1
-1
-1
-1
73
354
-1
-1
-1
-1
-1
-1
-1
-1
161
1
31
-1
-1
-1
-1
-1
343
-1
-1
-1
-1
124
-1
13
115
329
-1
-1
3
-1
-1
-1
-1
-1
-1
-1
-1
200
-1
-1
-1
-1
-1
30
-1
-1
-1
-1
410
29
-1
-1
101
-1
389
-1
11
-1
-1
14
-1
-1
-1
-1
-1
-1
-1
72
-1
532
-1
-1
-1
-1
-1
-1
-1
23
-1
-1
161
-1
75
-1
-1
-1
-1
46
-1
-1
-1
34
-1
-1
-1
-1
-1
-1
28
-1
-1
18
-1
431
-1
-1
-1
-1
46
-1
-1
-1
-1
-1
-1
-1
-1
195
-1
129
-1
10
-1
288
-1
-1
295
-1
327
-1
157
-1
-1
-1
-1
610
-1
-1
-1
-1
-1
-1
-1
-1
-1
159
351
-1
-1
143
-1
-1
596
-1
113
395
50
-1
-1
50
-1
68
303
417
-1
254
-1
158
-1
8
-1
604
235
-1
4
258
189
-1
319
384
248
-1
508
343
116
-1
-1
463
381
27
-1
-1
-1
-1
294
-1
-1
-1
-1
-1
-1
-1
-1
-1
-1
-1
171
46
195
-1
-1
119
261
-1
-1
-1
-1
433
-1
92
-1
291
199
-1
-1
238
-1
-1
-1
187
388
-1
337
-1
-1
206
-1
271
195
-1
250
389
370
74
-1
-1
442
439
-1
-1
434
-1
465
-1
-1
-1
-1
55
8
241
442
-1
-1
-1
-1
-1
-1
210
50
126
561
287
641
221
-1
-1
-1
-1
220
-1
-1
-1
629
-1
-1
268
389
557
161
509
29
-1
345
-1
235
578
209
61
-1
320
-1
-1
255
128
-1
-1
125
660
-1
-1
100
425
324
128
-1
-1
-1
-1
299
-1
229
-1
-1
132
425
121
-1
276
65
-1
-1
29
-1
-1
-1
-1
-1
149
231
722
685
222
662
-1
67
-1
117
421
85
510
446
367
-1
-1
-1
518
14
54
134
326
93
544
334
534
318
78
-1
71
6
161
-1
63
-1
366
679
620
255
170
-1
112
-1
162
-1
558
-1
548
265
298
-1
424
274
-1
564
-1
95
-1
-1
215
-1
-1
-1
1
61
116
-1
258
86
157
231
61
-1
46
264
180
426
182
285
736
477
-1
-1
205
-1
-1
500
-1
-1
-1
36
617
-1
408
228
69
380
344
-1
-1
-1
125
286
60
-1
295
-1
138
-1
-1
670
439
-1
67
278
-1
104
217
408
336
380
264
490
215
759
91
-1
55
44
387
273
253
339
223
-1
352
542
-1
535
72
136
748
-1
-1
590
275
413
278
307
143
812
429
30
563
148
26
160
57
87
302
41
192
179
2
-1
7
-1
19
389
84
270
354
-1
114
322
141
37
61
118
78
-1
456
88
279
487
210
354
51
312
-1
32
385
784
0
76
808
491
-1
545
242
82
68
449
528
727
41
413
358
249
309
148
518
322
147
346
424
475
549
347
140
868
360
105
399
306
36
912
-1
634
348
173
69
661
620
87
748
245
-1
543
-1
586
250
0
-1
0
487
311
165
767
1
379
442
295
423
188
34
537
127
335
589
-1
-1
123
36
361
488
149
356
674
-1
-1
32
108
180
421
788
300
780
263
486
139
144
-1
371
182
21
-1
454
547
187
103
638
238
453
504
7
437
305
-1
345
148
116
559
-1
-1
-1
44
117
33
446
413
120
568
184
766
280
555
142
52
48
153
3
347
74
385
348
90
228
187
121
550
-1
55
443
14
228
364
606
26
15
385
23
566
522
374
45
300
75
258
514
119
676
66
100
266
103
83
564
758
120
110
116
31
644
9
-1
383
204
493
834
225
473
642
699
507
445
480
193
-1
389
308
160
355
550
605
228
43
173
664
285
928
3
869
493
146
524
346
669
226
818
242
379
925
125
224
629
366
84
497
222
3
948
63
512
303
35
139
274
107
16
610
313
594
726
440
234
620
318
3
463
387
493
128
201
259
136
140
134
110
263
769
683
178
201
244
137
648
106
6
506
24
459
224
377
756
534
803
401
170
274
187
736
191
232
115
220
202
487
362
242
227
471
78
132
8
360
869
157
162
469
89
81
9
442
11
280
476
421
704
752
43
217
417
21
271
362
373
608
156
514
364
876
599
238
179
225
279
284
131
434
813
37
374
27
140
397
408
415
263
299
284
173
28
54
134
126
109
210
638
300
237
233
659
467
203
1
386
245
78
57
863
814
92
127
615
78
561
322
108
342
430
657
333
194
150
266
721
58
354
108
534
137
305
495
511
55
909
660
376
336
284
22
303
2
105
426
3
395
131
422
935
902
627
22
522
31
13
582
633
871
305
218
249
670
171
457
687
102
182
478
694
41
320
456
96
788
437
347
227
71
630
304
37
360
66
208
41
541
798
307
193
669
404
258
510
481
651
611
448
301
526
276
271
854
341
146
135
503
99
623
290
225
390
1
269
422
53
294
143
771
631
463
281
45
23
301
97
782
113
545
86
62
329
433
534
833
363
85
451
75
303
767
17
16
693
157
6
358
146
381
86
54
411
497
278
163
619
267
212
83
112
25
12
322
791
175
451
453
150
340
197
357
874
158
550
227
416
449
455
412
15
84
424
12
243
478
364
268
413
16
127
319
682
110
82
640
524
439
343
88
484
102
122
110
12
178
939
167
80
423
157
38
392
6
415
696
383
346
508
139
371
774
202
460
400
140
432
39
664
10
312
200
79
209
253
268
287
128
596
357
190
324
65
401
366
431
676
222
538
628
481
595
466
206
412
492
567
663
282
289
217
393
569
218
790
50
190
609
422
364
304
264
212
165
626
71
373
322
700
463
386
613
298
867
281
161
31
64
624
80
453
43
384
712
21
643
28
722
549
282
566
502
380
134
667
48
413
286
477
21
332
282
519
151
47
312
535
208
210
52
221
548
118
500
192
917
14
107
395
16
137
536
410
363
117
402
96
759
124
271
57
551
559
34
286
221
589
317
121
345
492
115
561
13
135
220
135
782
30
189
440
376
765
338
734
247
111
436
378
101
242
183
163
137
172
151
229
328
183
215
598
258
734
767
472
207
266
94
657
132
175
83
194
86
561
6
236
234
17
53
87
860
632
156
956
294
412
292
658
127
163
106
149
618
572
491
534
604
36
516
800
263
135
479
297
72
216
552
342
285
53
295
226
506
837
123
154
515
9
43
132
125
310
312
182
177
451
117
555
32
452
465
12
386
198
375
160
496
41
105
29
405
144
966
3
64
65
222
51
875
913
100
13
138
286
773
306
3
12
137
465
64
281
122
183
460
139
138
341
483
565
282
81
229
29
250
282
424
123
142
231
234
160
629
438
54
191
113
247
573
409
196
12
719
387
310
250
126
844
316
407
619
69
129
201
509
140
861
574
330
456
154
206
210
133
296
748
679
587
906
86
193
748
90
102
376
847
24
9
859
491
553
206
489
28
446
326
771
516
474
385
99
428
407
474
510
416
70
194
377
730
255
652
58
605
508
69
69
106
150
506
721
167
335
309
428
164
242
148
727
389
139
805
913
757
470
632
22
691
545
517
352
108
842
209
480
57
252
29
640
720
641
7
81
54
246
37
83
148
109
136
288
549
413
13
317
244
164
225
307
728
74
45
185
75
206
312
597
158
202
17
417
288
411
317
256
262
259
533
661
733
292
33
402
194
63
421
95
904
331
573
556
559
109
128
578
10
13
919
485
325
223
111
41
674
53
171
374
525
50
347
57
403
8
453
654
714
637
134
577
709
106
455
84
141
120
255
49
134
101
618
349
291
268
693
243
484
815
125
463
495
381
354
473
231
378
89
734
555
528
413
659
118
735
443
37
10
145
188
67
137
4
475
231
157
447
177
384
61
279
55
200
24
417
106
158
453
119
205
330
297
116
79
319
163
308
278
174
121
254
221
217
206
475
136
727
600
551
621
451
363
694
198
247
459
224
4
29
589
511
222
47
287
54
438
687
65
8
204
154
85
374
359
147
115
415
183
514
157
109
322
144
28
448
424
654
148
385
400
86
210
115
205
517
963
104
814
447
193
92
275
283
87
46
346
337
49
120
287
81
38
170
185
449
1
508
68
270
325
468
260
128
832
551
307
418
16
276
248
775
354
721
125
711
277
190
24
518
422
345
217
17
737
375
919
769
69
10
251
168
493
656
748
313
121
257
638
868
300
664
824
366
51
341
372
191
3
134
761
257
830
21
54
736
563
180
395
75
832
285
876
370
680
5
36
524
220
305
139
54
559
77
49
312
240
265
897
737
469
93
559
60
17
627
747
78
447
9
557
152
315
87
71
340
808
516
721
1
725
297
437
298
197
580
817
270
264
436
716
822
116
175
154
446
228
132
41
103
31
102
247
328
317
144
178
70
369
109
601
71
544
320
364
43
284
11
544
37
266
844
435
134
704
354
385
18
19
444
213
30
204
396
0
336
440
700
81
447
834
109
342
855
602
50
279
311
105
783
158
189
104
146
127
308
72
435
21
8
736
248
26
585
264
24
93
472
896
207
503
169
114
58
304
43
979
797
351
64
59
599
154
421
333
198
546
531
206
110
969
76
526
102
728
97
155
670
711
376
373
161
748
464
137
529
564
95
872
272
156
306
462
59
309
54
93
628
167
520
477
34
646
377
422
424
513
233
305
230
746
259
293
228
149
46
370
500
173
719
59
882
587
214
723
653
809
137
623
465
62
631
22
19
243
327
240
132
189
252
30
51
385
158
478
551
352
567
68
818
305
425
164
480
553
107
135
292
37
478
365
198
277
933
137
188
184
465
37
290
195
357
784
509
662
16
252
557
450
96
839
19
75
65
491
665
576
406
8
329
62
80
210
150
480
176
86
232
251
894
193
457
670
288
299
36
546
500
423
488
575
81
120
43
95
586
200
131
182
111
272
530
449
26
388
322
600
24
580
400
545
553
238
135
82
477
331
199
338
439
26
25
155
636
830
295
397
148
344
650
117
848
804
87
341
517
223
16
28
210
167
146
150
188
385
114
155
420
631
569
249
16
107
908
914
439
15
15
81
54
169
330
79
682
349
793
178
47
677
821
349
697
315
517
151
189
462
100
125
15
116
488
665
398
890
292
315
335
437
412
265
499
357
412
131
174
113
460
327
668
678
94
27
386
696
517
5
12
269
448
315
177
84
93
594
336
32
298
188
162
690
163
232
95
223
302
803
998
314
306
553
360
195
514
350
192
217
122
206
95
382
437
701
529
82
493
793
57
113
424
19
21
612
629
204
149
113
328
162
23
60
367
26
359
418
479
556
823
146
742
728
107
398
90
28
39
718
597
197
14
303
687
191
93
587
172
199
115
349
86
22
461
118
509
215
19
310
10
3
69
741
148
53
76
110
276
609
348
33
529
393
633
788
903
401
382
247
193
99
47
346
596
607
363
230
45
416
198
373
511
689
515
6
174
207
367
642
360
330
403
102
355
338
688
79
12
262
162
393
386
122
47
343
560
717
341
0
544
290
249
114
135
478
919
13
97
717
52
144
278
728
476
300
513
207
15
595
139
234
777
244
932
451
864
428
159
26
42
175
488
331
388
348
85
742
71
86
339
398
925
676
559
7
274
598
36
319
336
317
586
281
40
523
638
397
603
264
162
413
349
83
546
168
104
176
705
22
932
800
315
113
674
446
184
115
94
538
708
662
354
692
242
691
113
416
470
291
236
212
81
363
294
400
198
197
189
42
773
501
53
662
297
26
444
245
469
463
110
496
309
415
252
697
330
34
251
39
762
25
167
369
234
380
800
402
151
700
349
134
678
559
399
368
14
214
367
22
102
897
877
406
98
23
366
242
214
443
503
553
537
161
784
658
167
294
35
733
713
65
33
62
664
91
14
139
162
500
169
137
812
767
107
661
67
189
429
174
36
375
242
170
547
753
470
368
413
408
53
927
266
261
653
555
17
155
289
284
311
665
222
126
122
29
128
758
760
420
423
292
187
245
196
8
249
399
26
56
395
843
528
209
579
257
279
281
38
426
763
54
316
43
406
430
77
232
101
6
43
98
295
329
352
4
127
512
170
536
318
222
490
58
9
164
219
455
740
151
213
270
23
752
343
3
64
247
318
0
582
510
667
626
62
139
805
77
930
41
451
938
329
774
420
126
73
596
220
394
394
194
10
565
172
356
214
333
197
348
189
324
636
134
31
608
150
208
121
211
373
96
393
655
524
35
790
61
390
50
23
106
200
15
78
339
383
264
56
25
107
102
672
650
493
807
115
286
129
562
100
744
395
413
66
290
485
277
102
264
202
432
323
509
724
398
255
2
256
236
575
33
287
781
103
337
280
266
218
902
33
423
266
377
732
148
211
244
539
366
458
625
106
0
529
987
718
625
103
73
441
404
402
61
31
312
486
162
165
262
216
698
576
687
417
88
616
265
465
170
776
92
36
14
446
376
291
188
423
321
694
157
684
257
235
12
338
569
155
927
315
65
353
290
348
564
543
98
247
789
76
440
503
709
734
637
82
144
373
296
435
100
354
483
572
348
376
235
244
312
48
67
278
14
217
62
334
139
920
364
19
26
325
425
34
220
297
495
668
248
11
631
531
972
17
170
108
215
295
741
90
148
441
239
515
494
758
179
235
417
50
47
75
108
283
40
474
240
289
626
603
166
12
177
104
275
414
562
503
43
576
268
278
123
537
115
170
57
540
703
5
179
776
196
157
532
862
279
493
585
616
33
590
270
236
478
331
192
128
124
431
276
126
601
809
742
326
390
489
208
165
161
338
228
562
338
219
67
302
300
459
58
112
317
24
22
106
224
477
514
167
660
258
512
440
44
177
0
193
70
94
355
66
172
47
137
607
98
418
380
218
489
3
601
33
438
115
520
798
345
295
10
162
284
728
192
842
698
125
189
366
161
624
545
229
438
833
582
609
257
269
15
32
178
647
38
224
8
316
31
313
28
232
495
581
403
78
150
298
396
271
118
356
402
64
115
671
13
163
324
71
674
203
480
616
163
119
328
686
53
605
162
705
461
378
70
253
94
169
685
396
487
48
561
415
234
877
184
781
182
146
181
94
51
360
39
366
623
371
513
432
58
270
0
637
835
541
257
144
543
149
363
370
193
303
511
186
133
200
718
411
470
285
420
223
694
248
165
53
185
616
17
140
287
464
299
52
384
468
63
483
125
692
878
912
590
203
549
444
238
152
71
216
892
630
271
307
68
172
483
325
90
782
333
131
233
461
665
620
692
346
371
367
220
25
11
316
294
345
324
14
325
180
736
406
185
533
416
35
153
19
87
803
129
494
344
73
839
611
210
259
50
586
116
260
172
655
287
471
214
126
59
75
865
26
884
473
103
59
463
153
171
599
305
46
29
118
684
150
709
430
148
464
264
292
216
480
76
148
512
745
88
251
381
674
167
156
279
143
793
117
295
61
673
539
548
455
351
549
7
278
132
229
540
507
65
43
25
428
191
298
16
233
843
310
587
22
191
137
580
632
90
377
151
670
161
605
575
243
447
340
8
290
399
621
42
174
376
150
244
271
263
366
97
976
538
448
685
627
148
213
131
131
254
82
421
27
639
55
828
52
592
886
855
100
93
283
416
52
103
370
292
723
311
370
649
281
86
61
430
654
256
451
193
371
433
22
286
695
574
948
385
575
312
646
113
293
304
283
3
86
797
53
519
668
86
451
97
597
846
37
898
421
257
38
773
25
241
232
282
320
11
51
263
499
86
353
577
428
81
88
112
776
382
350
224
64
147
80
825
68
670
237
77
92
481
286
536
325
27
867
528
575
92
13
663
177
279
112
174
174
457
287
325
299
33
373
114
338
288
300
97
95
204
0
491
295
632
196
206
935
459
185
46
654
711
375
109
8
166
52
394
306
96
377
340
91
79
581
229
14
185
128
28
43
342
347
272
18
1
188
742
475
725
90
614
454
270
281
338
319
235
78
41
235
375
362
377
864
286
483
268
193
512
692
339
257
9
592
190
644
455
177
84
65
765
588
156
122
447
666
113
543
108
226
324
99
15
246
254
626
186
394
213
573
561
6
754
90
304
222
49
811
325
100
48
5
714
36
75
4
55
437
153
17
275
375
264
316
73
362
388
595
405
17
498
129
656
185
218
94
521
724
517
693
103
59
577
622
9
37
715
27
311
21
450
375
780
338
807
333
600
640
138
830
446
154
174
569
11
44
416
102
49
439
485
89
235
596
180
570
47
16
665
617
324
95
201
92
80
423
335
392
35
636
476
619
193
319
63
578
937
112
24
848
126
393
215
80
264
156
318
762
127
521
424
42
380
40
48
340
33
885
918
123
667
426
147
392
471
6
26
660
540
282
446
572
349
8
147
519
86
181
596
481
362
634
503
125
252
100
814
272
911
119
202
17
233
500
129
11
905
136
80
36
208
476
635
92
247
86
597
167
780
186
30
98
51
213
346
243
142
258
13
659
368
132
617
50
269
392
560
1
630
679
18
459
504
498
214
91
328
406
115
305
208
193
96
202
37
253
552
78
262
403
30
216
366
159
631
363
415
280
435
732
557
248
275
528
955
760
463
476
636
72
142
155
475
964
135
309
602
478
13
268
847
152
48
568
253
577
97
677
216
115
363
931
439
392
175
347
508
407
238
563
585
345
88
170
495
262
453
188
111
453
481
118
64
169
758
10
209
39
356
186
119
82
708
398
925
535
294
519
805
76
501
185
608
232
65
629
249
258
193
474
41
55
365
334
120
693
77
256
488
154
13
186
380
22
452
526
164
22
150
384
284
6
507
497
791
521
906
346
95
437
324
231
501
533
803
514
390
1
115
60
865
71
819
3
45
278
441
12
171
222
255
264
321
150
34
842
288
327
147
459
84
404
26
566
67
332
172
253
464
546
255
104
235
724
462
484
141
502
624
121
574
168
642
495
143
46
585
914
135
406
57
475
164
192
284
348
137
212
18
289
235
63
100
206
642
483
21
841
844
67
795
13
504
126
583
295
63
246
756
242
192
117
172
469
177
72
35
478
104
322
165
247
557
594
589
120
132
194
217
573
207
653
681
154
328
262
81
254
374
262
187
17
618
88
168
265
835
104
225
336
212
4
626
501
543
346
314
2
447
698
44
600
461
294
378
128
169
214
415
25
326
206
378
26
237
286
249
451
50
303
66
366
255
158
88
476
628
414
424
418
383
849
38
199
163
284
655
129
590
106
528
579
84
316
251
324
52
475
51
116
530
550
353
268
192
162
757
374
46
169
51
165
19
19
355
383
287
616
200
239
102
657
285
67
337
46
119
214
421
22
115
619
216
26
50
106
654
144
714
115
159
382
166
247
87
130
169
274
467
342
97
65
219
45
33
334
417
241
156
213
456
88
468
121
787
80
4
90
46
447
506
324
285
236
722
163
473
417
832
290
535
35
197
384
625
882
360
456
430
77
683
39
140
610
247
475
10
192
255
157
397
575
174
83
80
697
33
458
2
313
389
425
437
215
668
468
236
819
59
333
753
433
123
134
683
679
391
5
446
390
673
246
271
158
395
98
437
285
150
511
213
422
192
322
236
261
207
79
644
66
124
428
229
319
1
267
781
65
150
312
750
279
221
632
106
378
76
171
44
63
474
74
169
213
129
46
754
106
229
391
98
127
314
345
83
817
467
0
353
43
342
45
246
143
750
95
419
780
104
508
170
153
158
948
639
576
608
528
59
508
532
694
258
789
297
409
561
518
35
292
285
210
139
63
55
312
192
573
137
58
110
148
276
462
583
332
212
675
544
841
452
499
62
104
937
569
53
160
125
120
727
245
590
232
104
125
200
325
160
501
191
307
180
68
851
54
331
518
800
350
337
454
456
334
92
863
237
134
387
148
661
65
268
145
10
887
265
41
149
370
517
588
452
510
82
125
686
4
122
361
91
275
147
435
707
159
129
308
376
422
768
33
307
563
251
0
729
136
685
386
195
705
87
271
120
70
758
264
547
217
470
81
624
562
80
262
424
479
427
35
298
165
361
298
536
323
757
79
135
82
195
708
19
276
615
72
198
275
258
527
164
112
508
65
12
35
27
9
101
29
291
57
763
424
160
399
290
387
267
0
416
420
273
336
874
538
127
222
364
639
731
473
213
65
335
256
75
526
17
48
265
233
22
31
776
516
677
199
511
321
334
488
18
312
286
3
402
368
636
574
551
239
98
141
47
290
185
745
91
427
97
603
704
408
363
278
623
354
76
580
678
217
488
477
584
22
159
160
83
212
486
325
160
47
427
242
180
296
300
68
667
275
150
263
249
23
368
677
283
195
103
238
103
400
245
288
216
780
501
485
512
866
356
555
359
413
500
22
38
493
400
538
123
1
291
132
494
188
426
317
42
187
481
170
395
66
172
119
312
330
332
599
62
297
23
445
229
804
192
142
335
890
31
678
348
210
127
35
193
648
687
15
408
425
427
13
127
817
162
255
329
346
179
377
72
208
55
357
383
151
72
11
823
800
67
138
327
115
404
166
576
399
172
420
61
249
225
412
95
75
27
184
335
360
838
699
632
75
43
690
334
417
163
57
651
366
28
97
597
92
760
10
41
222
181
77
187
331
313
369
246
401
43
657
104
84
469
570
219
303
164
459
297
806
637
693
752
450
732
383
232
145
449
112
57
252
309
419
51
665
286
361
169
333
188
497
262
175
540
138
382
13
554
688
179
754
342
347
531
711
209
492
64
209
145
88
165
569
602
181
275
562
178
95
209
274
325
208
80
617
380
53
488
917
36
53
563
68
499
532
339
915
200
167
308
145
353
673
67
853
76
112
602
316
380
133
203
689
765
533
223
754
223
244
270
190
463
360
17
230
429
228
45
223
331
535
29
112
116
466
9
135
729
52
267
104
547
266
44
397
301
301
238
703
772
427
145
354
309
325
466
102
229
240
341
31
365
183
509
480
129
109
609
173
84
572
84
606
256
569
309
173
729
248
465
754
546
367
571
100
16
531
511
220
155
78
816
155
8
382
265
39
82
665
12
170
84
250
665
458
58
282
101
592
341
665
205
222
97
236
90
724
627
307
91
942
205
216
614
526
371
395
765
712
55
303
443
611
606
78
225
295
225
357
158
333
888
1
809
727
326
691
48
330
415
726
632
653
371
89
132
261
380
480
441
513
875
283
781
597
418
29
266
432
77
655
361
180
512
378
318
556
626
795
130
393
34
89
767
385
84
629
129
410
670
135
122
884
143
29
236
143
420
40
277
171
90
523
311
475
383
158
862
264
147
530
58
349
49
728
197
683
147
74
641
550
334
268
183
359
630
685
122
625
151
173
454
388
292
120
21
497
78
40
212
335
118
915
183
378
109
38
271
286
11
51
431
510
542
458
200
575
629
87
46
139
230
107
377
319
273
455
556
519
305
387
627
103
721
103
374
21
366
122
376
228
464
460
293
591
464
274
224
135
0
485
558
831
697
267
413
34
552
440
21
99
362
107
198
595
154
70
7
133
653
228
287
568
414
460
80
382
122
38
40
391
936
734
368
890
74
236
2
89
913
23
306
52
38
313
534
392
681
371
152
575
288
35
76
235
59
242
44
405
313
46
0
96
134
600
177
407
520
238
73
187
64
198
497
20
61
81
174
250
22
593
345
307
277
128
493
212
159
640
104
229
253
186
153
0
86
42
64
12
217
178
503
12
937
186
63
341
758
610
161
203
221
206
21
229
834
506
653
16
451
12
469
8
415
247
89
416
468
280
801
166
257
539
65
44
231
582
603
399
254
104
318
416
763
607
345
711
523
27
553
118
91
521
58
413
799
517
194
243
273
2
464
1
24
326
217
678
87
99
409
586
177
235
522
469
557
475
500
207
854
316
34
327
498
184
170
282
490
492
281
109
404
2
331
500
547
493
460
66
638
522
165
740
633
467
11
290
565
245
352
202
8
163
311
434
179
637
829
344
330
0
75
131
75
67
599
470
77
62
443
16
292
211
342
119
79
117
199
172
228
81
177
491
92
246
646
228
20
13
187
151
384
52
211
391
322
327
452
852
402
566
280
418
134
220
63
583
275
450
391
740
289
317
29
442
285
54
22
262
48
67
20
370
83
197
670
394
973
363
156
102
796
202
112
137
472
172
212
226
383
239
369
433
78
15
505
125
865
134
215
433
712
4
473
414
987
213
37
34
393
14
713
260
73
7
734
417
632
388
175
17
510
464
171
123
275
4
636
276
50
384
725
438
56
77
6
305
4
381
182
732
283
88
502
22
261
319
226
80
62
445
497
322
95
334
51
78
254
406
187
96
190
298
301
51
425
354
209
777
296
162
451
431
98
520
63
73
291
355
514
297
720
747
150
696
775
147
215
655
649
522
102
154
240
414
101
273
122
4
91
468
329
63
861
553
140
257
458
348
57
397
104
33
884
247
15
64
315
708
354
117
20
680
630
23
413
0
15
42
13
6
380
453
436
366
285
252
513
175
101
444
159
475
822
445
167
576
134
15
508
240
361
186
337
528
59
94
65
116
39
275
217
186
153
419
315
120
23
131
378
10
751
383
15
41
725
24
20
265
257
3
81
735
474
626
907
29
664
119
446
376
641
255
208
44
119
480
142
234
18
46
417
352
969
193
47
31
286
338
789
655
368
378
39
357
363
315
77
958
534
215
295
108
700
49
227
341
319
296
67
365
315
612
252
281
150
911
48
327
60
534
310
128
48
409
493
148
845
215
731
620
183
475
337
210
353
396
365
505
629
64
380
82
624
843
277
149
594
746
20
156
137
517
276
792
38
495
781
850
166
306
531
727
180
43
378
750
142
440
904
674
732
492
122
807
789
245
424
25
76
285
249
55
98
188
186
714
543
573
167
287
608
511
318
474
588
216
720
384
242
60
103
234
467
334
645
144
858
48
306
710
480
980
294
4
374
321
213
309
146
171
101
655
98
54
687
345
72
428
385
788
381
226
655
89
361
225
410
582
52
567
485
28
525
217
423
473
666
58
440
487
728
194
97
587
150
255
118
707
304
103
121
266
5
730
259
64
431
481
196
416
373
753
422
274
669
0
524
136
646
40
194
480
85
128
419
149
269
858
482
391
651
2
106
844
497
400
319
241
582
578
281
431
964
330
534
697
484
243
705
29
398
119
110
189
496
364
94
264
292
532
630
63
38
154
122
166
93
12
531
266
590
33
10
256
286
67
341
280
456
280
17
109
481
340
497
18
604
428
239
659
376
435
453
663
639
288
26
108
336
705
286
253
110
172
180
96
201
51
339
350
313
157
316
131
140
23
31
280
233
256
265
98
122
266
601
384
270
476
107
10
688
216
796
161
229
78
771
53
38
316
73
841
23
777
8
196
73
742
509
231
108
409
475
144
104
501
791
607
340
58
453
408
281
629
662
573
10
460
608
51
29
10
663
851
450
725
595
366
489
32
604
277
191
148
780
432
78
251
561
163
266
462
659
317
24
354
73
263
534
693
476
480
92
79
512
731
387
527
674
333
76
14
56
31
309
298
37
364
462
649
250
189
390
342
765
18
795
642
152
429
613
380
902
118
117
829
118
475
168
549
767
181
122
184
264
136
594
121
205
179
493
122
39
822
167
209
797
435
555
742
532
301
380
173
36
191
278
603
163
273
184
673
64
32
463
825
559
349
515
624
120
739
896
618
348
371
746
598
299
863
781
194
95
6
305
100
24
213
446
236
590
62
35
66
112
274
282
209
581
394
389
204
9
429
279
218
158
598
350
87
457
177
348
100
135
2
91
584
93
123
878
217
343
99
812
86
278
104
308
415
235
52
442
344
7
167
29
799
472
8
353
88
199
204
765
750
681
290
466
692
366
37
19
680
588
356
290
679
132
698
157
186
240
661
912
490
35
33
376
324
482
133
684
312
105
162
298
504
156
802
170
123
464
300
489
782
502
100
34
821
63
60
546
603
89
411
388
135
928
236
503
640
101
345
41
443
234
347
515
82
664
526
231
260
43
572
447
541
142
369
124
300
432
857
83
284
30
46
649
251
67
200
375
46
98
803
21
263
55
62
142
161
632
96
280
177
118
163
315
216
646
265
188
448
123
618
228
750
887
321
124
714
570
444
841
9
149
95
389
79
188
25
29
44
103
8
296
135
266
605
204
44
628
202
101
772
113
312
98
561
470
730
293
567
291
52
50
725
79
400
208
514
835
366
764
392
129
313
733
209
149
53
8
373
603
62
207
340
298
162
258
863
247
6
172
608
340
801
706
29
52
461
490
749
471
404
33
246
124
346
621
325
706
300
263
246
286
362
238
390
217
516
210
187
479
128
199
161
261
165
173
36
195
245
549
57
140
182
288
45
147
643
179
16
560
636
400
129
696
67
432
466
545
196
265
303
4
64
354
525
56
124
261
28
820
307
198
390
540
228
739
110
262
202
607
321
646
130
175
179
269
353
230
234
279
314
204
238
436
499
127
779
553
590
162
965
348
306
454
806
740
493
423
255
519
403
503
231
863
62
116
603
386
442
75
423
753
74
254
67
455
214
503
125
73
795
383
54
216
55
303
213
575
313
86
755
480
420
595
32
208
510
245
389
695
450
154
384
156
517
413
135
203
372
254
903
70
202
300
163
355
339
207
597
361
551
366
95
22
44
58
67
86
240
50
14
26
440
232
2
917
423
386
51
364
135
141
59
96
211
245
898
85
711
480
210
43
469
683
617
558
578
301
46
82
772
115
279
458
53
513
450
796
654
611
462
596
502
155
163
598
620
21
182
135
788
188
55
408
221
212
506
31
317
368
207
210
162
156
878
404
234
634
76
360
260
391
579
329
266
217
328
12
356
211
395
569
185
64
265
614
485
47
15
308
145
214
631
116
355
399
84
300
628
206
821
322
497
31
246
814
787
278
220
528
487
301
36
121
169
617
329
655
420
602
39
380
565
72
40
119
46
357
268
340
112
447
418
248
369
53
109
63
148
190
21
453
310
146
170
251
431
683
775
534
184
228
701
108
213
693
46
142
480
147
671
429
532
418
61
154
182
68
66
100
98
224
451
103
50
266
224
4
473
314
413
392
456
643
733
55
725
165
655
245
92
645
389
218
179
401
135
74
14
597
6
20
429
853
56
185
710
136
119
157
534
274
603
142
325
504
41
194
83
523
260
463
335
196
103
554
635
147
52
11
148
6
44
305
591
69
308
207
188
335
618
690
22
66
394
207
150
427
316
665
148
70
690
297
361
833
603
262
299
449
7
72
130
29
523
154
288
54
125
474
496
298
357
546
172
312
494
503
102
243
63
496
298
262
108
230
149
245
249
389
894
815
308
154
413
838
459
568
141
143
662
10
492
139
169
16
100
843
96
667
364
16
405
614
266
234
141
231
294
223
493
83
231
259
211
241
200
373
479
312
140
392
162
813
103
190
68
19
39
620
321
604
309
235
447
542
124
277
954
606
490
123
552
238
140
536
342
543
741
116
405
111
235
784
364
309
3
741
124
114
547
367
527
410
337
206
359
224
18
351
249
194
40
14
160
591
432
224
381
348
439
101
120
335
103
153
561
363
257
197
709
34
144
428
235
141
174
264
165
439
320
96
175
613
176
262
342
527
308
354
696
143
200
8
411
512
276
872
199
919
386
46
887
9
226
42
110
522
410
324
365
408
49
66
2
431
483
323
542
191
417
900
113
326
409
802
897
391
356
302
468
281
849
403
499
13
121
6
224
230
635
376
436
322
329
361
79
670
333
682
463
156
169
121
651
321
264
401
786
343
5
486
174
399
36
415
241
397
397
119
43
24
109
571
184
151
262
559
532
148
4
458
311
100
93
661
522
169
498
605
284
263
265
84
263
35
129
837
237
714
249
25
308
413
181
373
292
621
57
72
440
680
909
193
761
120
354
303
676
343
144
514
142
6
246
432
278
655
769
141
199
115
120
341
885
605
59
480
195
157
123
21
527
495
550
383
379
132
265
315
486
106
328
459
96
367
155
281
818
282
245
102
279
390
37
524
303
849
506
835
301
210
345
629
299
237
557
667
748
583
649
115
443
329
86
143
384
123
165
245
611
117
138
409
774
78
182
392
48
211
521
102
318
517
298
90
849
170
402
134
69
716
175
162
869
820
549
482
53
16
670
40
130
239
141
840
87
654
104
282
410
407
151
95
736
630
325
181
793
101
149
165
140
118
677
289
496
833
6
495
635
723
197
114
8
297
292
200
299
17
79
501
299
843
96
540
194
70
504
48
320
299
339
10
293
483
445
121
394
449
513
89
361
58
533
99
179
464
52
808
120
256
250
427
31
499
718
894
672
288
578
9
215
102
857
309
442
447
820
525
410
336
577
329
149
126
72
486
61
626
112
21
879
96
53
36
65
32
744
195
274
169
565
386
241
523
93
62
521
199
182
65
284
430
252
589
164
129
392
415
739
105
96
768
355
685
404
282
522
353
291
403
16
507
426
69
274
68
601
642
221
245
364
448
195
12
105
38
171
663
92
844
371
466
250
449
672
109
538
879
154
317
162
61
838
596
449
158
211
161
10
715
719
390
334
666
465
162
148
140
147
364
27
53
283
572
249
369
304
93
315
200
692
426
263
282
610
109
54
46
5
641
125
96
203
264
67
82
457
609
198
66
405
790
200
202
346
19
179
418
10
572
265
475
745
12
585
203
121
359
670
752
301
90
641
883
104
473
13
876
320
431
163
200
875
713
290
757
435
133
101
539
614
496
774
307
59
172
298
345
8
92
153
404
10
218
252
4
218
337
267
562
299
306
36
502
384
103
741
317
870
453
318
124
184
901
127
510
424
207
310
174
567
404
678
141
157
437
579
236
340
228
324
7
387
84
100
315
342
86
344
395
185
122
47
204
525
279
883
46
402
217
410
75
437
92
14
206
600
46
496
388
964
240
558
147
25
688
202
58
203
80
305
61
133
586
119
84
77
506
14
22
140
569
605
553
260
589
528
439
370
26
560
765
132
182
38
236
198
61
465
470
163
552
513
23
276
92
538
29
149
599
104
507
233
299
416
16
228
154
212
175
574
28
261
616
18
286
132
103
620
519
265
531
16
376
104
89
56
691
586
442
24
335
457
571
445
720
591
55
823
254
22
102
90
630
459
427
596
765
351
781
494
475
551
783
47
256
577
7
343
363
849
837
97
693
547
79
322
411
580
406
872
36
273
328
180
714
167
207
281
509
91
224
689
505
28
252
654
213
269
787
6
249
295
411
435
330
198
690
75
185
10
154
364
186
587
413
233
591
425
125
190
209
251
422
502
67
675
734
20
103
243
667
258
395
43
446
873
727
276
549
0
96
486
89
103
173
188
382
164
299
114
51
630
286
110
417
595
523
234
271
85
324
232
11
570
271
81
159
967
634
729
56
43
5
272
479
151
698
769
282
98
485
487
694
62
7
643
447
245
708
333
630
578
348
108
598
176
182
423
534
154
38
328
907
249
92
471
90
263
56
656
61
473
283
194
90
368
481
456
119
367
403
369
182
40
246
120
203
501
446
239
560
133
849
412
859
51
45
511
437
74
20
774
195
538
433
359
550
717
434
493
275
0
529
185
20
98
873
22
155
758
16
58
329
359
61
544
308
44
102
24
53
131
216
526
58
624
256
33
116
547
610
486
77
706
461
368
790
85
207
680
407
93
939
304
621
320
91
240
680
92
72
157
55
