100
1 2
1 3
3 4
2 5
2 6
6 7
2 8
3 9
1 10
2 11
2 12
5 13
3 14
13 15
15 16
10 17
17 18
14 19
15 20
18 21
9 22
15 23
21 24
8 25
19 26
10 27
22 28
24 29
20 30
8 31
29 32
5 33
1 34
6 35
8 36
13 37
32 38
13 39
25 40
36 41
28 42
8 43
37 44
22 45
18 46
46 47
15 48
9 49
10 50
14 51
35 52
26 53
1 54
47 55
39 56
33 57
30 58
32 59
18 60
7 61
23 62
26 63
28 64
48 65
8 66
3 67
7 68
20 69
34 70
19 71
68 72
42 73
2 74
52 75
74 76
20 77
61 78
49 79
21 80
32 81
55 82
81 83
53 84
48 85
77 86
42 87
64 88
47 89
32 90
37 91
26 92
87 93
23 94
5 95
54 96
51 97
10 98
40 99
26 100
