10000
1 2
1 3
1 4
2 5
2 6
2 7
5 8
4 9
8 10
7 11
3 12
4 13
7 14
5 15
7 16
7 17
11 18
15 19
8 20
6 21
19 22
21 23
4 24
19 25
22 26
14 27
24 28
25 29
11 30
8 31
2 32
20 33
1 34
24 35
5 36
14 37
20 38
30 39
21 40
14 41
7 42
40 43
34 44
4 45
5 46
16 47
1 48
23 49
19 50
31 51
10 52
47 53
35 54
40 55
43 56
21 57
29 58
5 59
36 60
30 61
31 62
5 63
54 64
15 65
36 66
8 67
37 68
67 69
15 70
40 71
7 72
52 73
21 74
8 75
64 76
9 77
9 78
12 79
21 80
40 81
79 82
64 83
63 84
27 85
10 86
29 87
87 88
71 89
11 90
14 91
32 92
85 93
2 94
26 95
93 96
60 97
61 98
58 99
23 100
54 101
68 102
88 103
17 104
12 105
9 106
31 107
86 108
39 109
26 110
44 111
11 112
57 113
97 114
44 115
39 116
69 117
1 118
74 119
56 120
37 121
31 122
23 123
35 124
22 125
83 126
114 127
90 128
16 129
80 130
28 131
87 132
19 133
25 134
61 135
102 136
59 137
37 138
108 139
134 140
109 141
42 142
98 143
78 144
127 145
66 146
86 147
33 148
145 149
32 150
99 151
27 152
71 153
105 154
126 155
41 156
13 157
144 158
96 159
12 160
84 161
46 162
124 163
107 164
52 165
64 166
2 167
41 168
87 169
85 170
148 171
152 172
54 173
113 174
107 175
31 176
18 177
25 178
66 179
58 180
147 181
114 182
136 183
133 184
112 185
24 186
106 187
148 188
136 189
1 190
24 191
180 192
147 193
180 194
156 195
168 196
86 197
155 198
27 199
69 200
36 201
106 202
103 203
107 204
27 205
188 206
58 207
106 208
88 209
122 210
66 211
207 212
83 213
105 214
214 215
133 216
114 217
142 218
139 219
4 220
199 221
74 222
128 223
94 224
167 225
199 226
139 227
30 228
92 229
47 230
191 231
149 232
200 233
85 234
69 235
146 236
204 237
163 238
47 239
104 240
198 241
145 242
210 243
130 244
176 245
88 246
132 247
195 248
125 249
108 250
35 251
224 252
176 253
203 254
103 255
179 256
119 257
65 258
121 259
174 260
177 261
106 262
46 263
133 264
6 265
90 266
187 267
14 268
162 269
125 270
41 271
230 272
162 273
145 274
209 275
158 276
167 277
196 278
6 279
109 280
138 281
42 282
31 283
120 284
62 285
195 286
170 287
28 288
281 289
93 290
73 291
22 292
182 293
56 294
125 295
93 296
25 297
217 298
167 299
254 300
30 301
124 302
128 303
20 304
47 305
294 306
156 307
111 308
287 309
157 310
209 311
103 312
235 313
130 314
79 315
237 316
260 317
185 318
54 319
24 320
29 321
84 322
141 323
92 324
248 325
232 326
326 327
57 328
45 329
209 330
249 331
20 332
296 333
80 334
4 335
160 336
51 337
51 338
79 339
128 340
97 341
324 342
281 343
21 344
113 345
232 346
84 347
39 348
269 349
162 350
30 351
156 352
281 353
241 354
24 355
225 356
227 357
286 358
179 359
27 360
336 361
179 362
340 363
46 364
232 365
349 366
226 367
211 368
51 369
297 370
146 371
367 372
303 373
204 374
296 375
10 376
37 377
190 378
167 379
281 380
215 381
297 382
120 383
347 384
274 385
291 386
319 387
6 388
218 389
369 390
11 391
131 392
236 393
346 394
269 395
96 396
363 397
197 398
26 399
261 400
43 401
2 402
145 403
134 404
269 405
347 406
84 407
139 408
149 409
5 410
297 411
51 412
316 413
293 414
249 415
272 416
308 417
188 418
162 419
356 420
376 421
226 422
114 423
304 424
57 425
96 426
13 427
422 428
218 429
211 430
102 431
401 432
345 433
156 434
285 435
79 436
48 437
408 438
61 439
156 440
94 441
250 442
48 443
78 444
415 445
358 446
245 447
385 448
374 449
359 450
50 451
49 452
213 453
442 454
196 455
37 456
306 457
323 458
34 459
47 460
110 461
335 462
83 463
236 464
276 465
12 466
128 467
321 468
179 469
43 470
314 471
85 472
355 473
330 474
71 475
458 476
87 477
319 478
308 479
340 480
96 481
232 482
95 483
392 484
26 485
34 486
370 487
38 488
321 489
186 490
268 491
402 492
179 493
313 494
345 495
209 496
270 497
33 498
466 499
491 500
383 501
82 502
438 503
259 504
85 505
453 506
47 507
146 508
259 509
300 510
387 511
429 512
314 513
112 514
289 515
33 516
416 517
336 518
488 519
250 520
237 521
455 522
57 523
238 524
297 525
28 526
294 527
188 528
502 529
31 530
20 531
203 532
348 533
108 534
22 535
375 536
534 537
397 538
429 539
505 540
310 541
212 542
489 543
66 544
75 545
469 546
150 547
253 548
99 549
105 550
528 551
106 552
294 553
69 554
114 555
364 556
537 557
183 558
497 559
555 560
513 561
378 562
548 563
346 564
227 565
340 566
466 567
141 568
355 569
155 570
383 571
492 572
243 573
492 574
29 575
532 576
39 577
283 578
264 579
147 580
338 581
533 582
581 583
62 584
415 585
166 586
146 587
481 588
372 589
410 590
437 591
221 592
13 593
542 594
84 595
194 596
20 597
563 598
305 599
400 600
270 601
68 602
406 603
480 604
359 605
100 606
591 607
254 608
115 609
117 610
510 611
492 612
14 613
560 614
538 615
599 616
322 617
336 618
354 619
484 620
603 621
98 622
471 623
56 624
450 625
268 626
37 627
552 628
422 629
236 630
483 631
361 632
552 633
419 634
514 635
193 636
629 637
300 638
77 639
114 640
429 641
3 642
637 643
460 644
502 645
124 646
151 647
625 648
359 649
121 650
8 651
155 652
438 653
569 654
435 655
171 656
117 657
367 658
261 659
317 660
657 661
362 662
417 663
471 664
272 665
98 666
323 667
410 668
257 669
226 670
6 671
40 672
367 673
306 674
148 675
398 676
192 677
18 678
361 679
401 680
456 681
117 682
77 683
222 684
475 685
643 686
227 687
172 688
62 689
533 690
4 691
245 692
139 693
644 694
96 695
603 696
288 697
83 698
458 699
18 700
214 701
683 702
455 703
119 704
133 705
98 706
567 707
10 708
378 709
425 710
119 711
91 712
670 713
32 714
254 715
712 716
253 717
161 718
652 719
121 720
559 721
415 722
134 723
106 724
720 725
421 726
456 727
672 728
75 729
37 730
77 731
375 732
58 733
655 734
306 735
492 736
688 737
417 738
504 739
455 740
462 741
627 742
417 743
29 744
733 745
278 746
370 747
451 748
184 749
505 750
338 751
45 752
446 753
243 754
67 755
405 756
412 757
643 758
531 759
646 760
245 761
51 762
568 763
532 764
431 765
456 766
480 767
612 768
252 769
416 770
292 771
52 772
447 773
707 774
61 775
352 776
86 777
75 778
57 779
240 780
273 781
403 782
479 783
659 784
201 785
773 786
87 787
697 788
394 789
255 790
305 791
125 792
467 793
108 794
660 795
373 796
619 797
757 798
722 799
504 800
380 801
578 802
467 803
84 804
268 805
52 806
189 807
441 808
693 809
631 810
485 811
156 812
175 813
95 814
32 815
711 816
569 817
814 818
668 819
581 820
153 821
697 822
570 823
242 824
518 825
616 826
558 827
521 828
595 829
500 830
624 831
691 832
97 833
69 834
742 835
769 836
456 837
393 838
788 839
401 840
75 841
193 842
221 843
695 844
80 845
353 846
379 847
64 848
659 849
494 850
538 851
846 852
302 853
600 854
595 855
336 856
8 857
605 858
214 859
46 860
620 861
113 862
754 863
412 864
732 865
696 866
610 867
244 868
98 869
647 870
634 871
348 872
728 873
93 874
393 875
258 876
508 877
241 878
509 879
657 880
76 881
451 882
680 883
402 884
596 885
622 886
660 887
156 888
30 889
240 890
817 891
198 892
718 893
55 894
524 895
218 896
798 897
417 898
890 899
864 900
574 901
110 902
765 903
410 904
874 905
274 906
673 907
800 908
133 909
752 910
904 911
580 912
308 913
780 914
639 915
668 916
281 917
511 918
851 919
791 920
894 921
728 922
442 923
184 924
743 925
698 926
840 927
542 928
728 929
527 930
55 931
545 932
138 933
534 934
139 935
308 936
660 937
3 938
452 939
163 940
311 941
254 942
869 943
557 944
542 945
761 946
845 947
204 948
944 949
222 950
783 951
859 952
647 953
716 954
854 955
387 956
129 957
766 958
492 959
471 960
599 961
259 962
21 963
768 964
194 965
550 966
435 967
739 968
708 969
527 970
898 971
914 972
495 973
798 974
598 975
744 976
724 977
813 978
456 979
393 980
572 981
103 982
103 983
298 984
803 985
407 986
822 987
797 988
970 989
948 990
379 991
207 992
237 993
416 994
638 995
753 996
981 997
203 998
121 999
970 1000
705 1001
547 1002
751 1003
714 1004
918 1005
60 1006
284 1007
942 1008
469 1009
333 1010
796 1011
25 1012
406 1013
77 1014
905 1015
293 1016
666 1017
96 1018
706 1019
76 1020
80 1021
79 1022
775 1023
425 1024
287 1025
174 1026
627 1027
850 1028
420 1029
721 1030
939 1031
968 1032
571 1033
21 1034
819 1035
283 1036
664 1037
838 1038
740 1039
945 1040
896 1041
628 1042
756 1043
1012 1044
269 1045
983 1046
373 1047
4 1048
803 1049
34 1050
168 1051
1016 1052
898 1053
646 1054
572 1055
40 1056
390 1057
705 1058
214 1059
167 1060
740 1061
1013 1062
291 1063
185 1064
469 1065
415 1066
136 1067
474 1068
27 1069
579 1070
928 1071
595 1072
176 1073
893 1074
180 1075
873 1076
734 1077
578 1078
1028 1079
277 1080
699 1081
847 1082
750 1083
494 1084
47 1085
121 1086
784 1087
815 1088
12 1089
357 1090
504 1091
552 1092
743 1093
728 1094
979 1095
744 1096
511 1097
779 1098
646 1099
658 1100
392 1101
387 1102
738 1103
97 1104
735 1105
759 1106
1025 1107
227 1108
773 1109
96 1110
84 1111
906 1112
1043 1113
858 1114
836 1115
87 1116
1054 1117
183 1118
166 1119
449 1120
215 1121
936 1122
643 1123
334 1124
191 1125
932 1126
374 1127
917 1128
21 1129
716 1130
877 1131
174 1132
893 1133
968 1134
731 1135
410 1136
547 1137
691 1138
946 1139
21 1140
912 1141
1017 1142
490 1143
831 1144
1060 1145
987 1146
132 1147
693 1148
715 1149
27 1150
131 1151
951 1152
272 1153
550 1154
784 1155
378 1156
372 1157
163 1158
316 1159
152 1160
17 1161
574 1162
582 1163
329 1164
1127 1165
684 1166
407 1167
369 1168
1136 1169
769 1170
438 1171
841 1172
1064 1173
897 1174
97 1175
346 1176
407 1177
423 1178
104 1179
385 1180
1062 1181
1055 1182
739 1183
42 1184
665 1185
654 1186
769 1187
310 1188
983 1189
705 1190
608 1191
1027 1192
1177 1193
1055 1194
1007 1195
1134 1196
904 1197
787 1198
904 1199
630 1200
1147 1201
742 1202
165 1203
781 1204
769 1205
536 1206
626 1207
115 1208
1112 1209
837 1210
1191 1211
1159 1212
1004 1213
727 1214
518 1215
780 1216
872 1217
776 1218
701 1219
1065 1220
868 1221
172 1222
577 1223
7 1224
975 1225
641 1226
641 1227
256 1228
60 1229
531 1230
76 1231
1223 1232
867 1233
988 1234
1224 1235
168 1236
698 1237
671 1238
385 1239
635 1240
1058 1241
1115 1242
237 1243
332 1244
1178 1245
549 1246
1172 1247
952 1248
537 1249
738 1250
322 1251
304 1252
381 1253
435 1254
826 1255
676 1256
470 1257
1158 1258
891 1259
811 1260
649 1261
538 1262
655 1263
243 1264
192 1265
9 1266
111 1267
97 1268
755 1269
279 1270
636 1271
93 1272
660 1273
9 1274
116 1275
1121 1276
216 1277
1128 1278
957 1279
506 1280
1016 1281
966 1282
1136 1283
1223 1284
1191 1285
264 1286
28 1287
25 1288
502 1289
221 1290
565 1291
35 1292
627 1293
363 1294
48 1295
252 1296
667 1297
827 1298
926 1299
1203 1300
563 1301
1272 1302
527 1303
551 1304
1069 1305
910 1306
132 1307
818 1308
843 1309
1094 1310
344 1311
348 1312
90 1313
133 1314
831 1315
1064 1316
1278 1317
822 1318
157 1319
1303 1320
1213 1321
381 1322
408 1323
301 1324
155 1325
100 1326
84 1327
563 1328
134 1329
814 1330
263 1331
1079 1332
363 1333
1137 1334
901 1335
1218 1336
1330 1337
30 1338
275 1339
444 1340
867 1341
63 1342
205 1343
237 1344
1084 1345
643 1346
540 1347
1288 1348
702 1349
260 1350
1253 1351
887 1352
998 1353
297 1354
472 1355
934 1356
558 1357
1214 1358
1196 1359
57 1360
589 1361
1075 1362
702 1363
938 1364
78 1365
444 1366
807 1367
452 1368
5 1369
248 1370
857 1371
740 1372
183 1373
1344 1374
950 1375
329 1376
619 1377
155 1378
1270 1379
1134 1380
336 1381
817 1382
759 1383
615 1384
561 1385
1138 1386
322 1387
507 1388
989 1389
20 1390
314 1391
138 1392
1038 1393
1013 1394
1028 1395
1291 1396
108 1397
627 1398
1024 1399
533 1400
714 1401
752 1402
990 1403
726 1404
971 1405
538 1406
802 1407
967 1408
542 1409
158 1410
343 1411
995 1412
500 1413
734 1414
514 1415
32 1416
961 1417
1304 1418
175 1419
348 1420
842 1421
915 1422
875 1423
1064 1424
332 1425
594 1426
154 1427
1026 1428
997 1429
223 1430
221 1431
1148 1432
476 1433
385 1434
1429 1435
476 1436
862 1437
235 1438
1023 1439
1034 1440
940 1441
9 1442
717 1443
1165 1444
1044 1445
124 1446
913 1447
520 1448
1106 1449
1206 1450
215 1451
328 1452
1367 1453
1176 1454
756 1455
447 1456
736 1457
1100 1458
1280 1459
1454 1460
1132 1461
798 1462
787 1463
641 1464
988 1465
1049 1466
755 1467
1108 1468
1012 1469
643 1470
1051 1471
424 1472
1298 1473
310 1474
1463 1475
990 1476
1020 1477
412 1478
279 1479
1102 1480
1419 1481
1395 1482
1103 1483
59 1484
1457 1485
986 1486
527 1487
423 1488
910 1489
788 1490
1265 1491
617 1492
450 1493
1119 1494
532 1495
1112 1496
160 1497
1163 1498
1150 1499
297 1500
212 1501
498 1502
296 1503
35 1504
1152 1505
101 1506
261 1507
683 1508
972 1509
235 1510
251 1511
707 1512
43 1513
1296 1514
1172 1515
669 1516
899 1517
62 1518
23 1519
1099 1520
1347 1521
674 1522
1143 1523
1175 1524
1260 1525
523 1526
1027 1527
1500 1528
1111 1529
415 1530
815 1531
1283 1532
2 1533
943 1534
1008 1535
1035 1536
1459 1537
741 1538
289 1539
292 1540
854 1541
416 1542
1065 1543
1251 1544
348 1545
475 1546
1166 1547
771 1548
1098 1549
1326 1550
1027 1551
911 1552
1198 1553
279 1554
1102 1555
812 1556
120 1557
244 1558
425 1559
103 1560
1212 1561
39 1562
962 1563
468 1564
1235 1565
851 1566
560 1567
932 1568
1440 1569
61 1570
1296 1571
23 1572
81 1573
1341 1574
931 1575
136 1576
909 1577
996 1578
1328 1579
52 1580
1012 1581
474 1582
119 1583
79 1584
491 1585
631 1586
1350 1587
207 1588
1528 1589
511 1590
703 1591
7 1592
1522 1593
163 1594
770 1595
340 1596
704 1597
263 1598
1463 1599
274 1600
1586 1601
458 1602
992 1603
1052 1604
407 1605
465 1606
884 1607
727 1608
1503 1609
907 1610
1608 1611
887 1612
385 1613
990 1614
1233 1615
504 1616
1255 1617
343 1618
1200 1619
347 1620
1219 1621
890 1622
948 1623
1043 1624
357 1625
829 1626
64 1627
509 1628
1610 1629
795 1630
1176 1631
309 1632
140 1633
184 1634
616 1635
22 1636
205 1637
296 1638
740 1639
858 1640
1264 1641
637 1642
288 1643
822 1644
775 1645
1255 1646
474 1647
1582 1648
654 1649
1567 1650
1178 1651
1471 1652
1438 1653
73 1654
139 1655
594 1656
1293 1657
1452 1658
1288 1659
1137 1660
1567 1661
1319 1662
934 1663
1517 1664
1021 1665
392 1666
485 1667
657 1668
945 1669
622 1670
726 1671
390 1672
150 1673
387 1674
1212 1675
615 1676
1583 1677
1031 1678
251 1679
1438 1680
1369 1681
276 1682
1215 1683
271 1684
567 1685
493 1686
1515 1687
716 1688
253 1689
652 1690
1627 1691
465 1692
409 1693
910 1694
512 1695
1365 1696
34 1697
1052 1698
1116 1699
1636 1700
799 1701
1267 1702
449 1703
1304 1704
513 1705
1251 1706
68 1707
258 1708
710 1709
464 1710
518 1711
1342 1712
167 1713
1222 1714
855 1715
578 1716
87 1717
540 1718
718 1719
15 1720
657 1721
1009 1722
1311 1723
514 1724
1112 1725
1044 1726
1402 1727
220 1728
1078 1729
779 1730
1029 1731
253 1732
474 1733
628 1734
1207 1735
1719 1736
816 1737
479 1738
576 1739
1123 1740
862 1741
1526 1742
895 1743
962 1744
1503 1745
494 1746
1205 1747
820 1748
1604 1749
957 1750
794 1751
1132 1752
394 1753
436 1754
1331 1755
977 1756
1079 1757
1682 1758
1739 1759
419 1760
1650 1761
765 1762
1208 1763
147 1764
77 1765
181 1766
177 1767
157 1768
1596 1769
1254 1770
1615 1771
235 1772
1149 1773
1022 1774
1656 1775
1216 1776
1384 1777
301 1778
537 1779
1640 1780
1274 1781
550 1782
216 1783
1707 1784
1308 1785
1506 1786
1158 1787
1593 1788
242 1789
1045 1790
713 1791
86 1792
1302 1793
620 1794
294 1795
1630 1796
319 1797
1556 1798
1252 1799
1335 1800
352 1801
51 1802
1466 1803
55 1804
1363 1805
323 1806
270 1807
609 1808
1741 1809
1413 1810
996 1811
451 1812
12 1813
1249 1814
532 1815
40 1816
73 1817
732 1818
820 1819
709 1820
1650 1821
926 1822
1557 1823
1013 1824
1255 1825
529 1826
1201 1827
1098 1828
1026 1829
1039 1830
623 1831
601 1832
443 1833
1153 1834
1417 1835
419 1836
1479 1837
344 1838
137 1839
657 1840
1579 1841
1042 1842
1823 1843
676 1844
1110 1845
393 1846
1541 1847
421 1848
1699 1849
1646 1850
716 1851
1507 1852
778 1853
1386 1854
946 1855
592 1856
1087 1857
377 1858
1326 1859
878 1860
570 1861
1563 1862
1405 1863
282 1864
1613 1865
1142 1866
1142 1867
578 1868
137 1869
878 1870
425 1871
256 1872
1545 1873
657 1874
233 1875
526 1876
608 1877
18 1878
107 1879
1822 1880
26 1881
729 1882
1390 1883
152 1884
503 1885
10 1886
1879 1887
1024 1888
1770 1889
1559 1890
397 1891
1865 1892
1604 1893
1086 1894
47 1895
972 1896
1412 1897
1759 1898
875 1899
1884 1900
1454 1901
1489 1902
158 1903
1472 1904
1697 1905
28 1906
596 1907
881 1908
50 1909
1570 1910
57 1911
669 1912
552 1913
1619 1914
110 1915
1220 1916
364 1917
1870 1918
1669 1919
323 1920
64 1921
900 1922
1884 1923
378 1924
1366 1925
1384 1926
1285 1927
1767 1928
1443 1929
479 1930
773 1931
1474 1932
669 1933
688 1934
1184 1935
1183 1936
145 1937
279 1938
1789 1939
1505 1940
1308 1941
931 1942
1578 1943
272 1944
1030 1945
808 1946
1007 1947
777 1948
1248 1949
347 1950
1784 1951
1006 1952
251 1953
724 1954
634 1955
338 1956
754 1957
384 1958
161 1959
322 1960
447 1961
255 1962
266 1963
1758 1964
1915 1965
1899 1966
815 1967
1424 1968
1392 1969
1327 1970
921 1971
1626 1972
1079 1973
1514 1974
1428 1975
741 1976
21 1977
1797 1978
1188 1979
893 1980
823 1981
1369 1982
1303 1983
1643 1984
810 1985
1814 1986
235 1987
933 1988
1361 1989
487 1990
812 1991
370 1992
264 1993
1320 1994
633 1995
660 1996
1743 1997
942 1998
34 1999
1991 2000
1038 2001
867 2002
368 2003
1625 2004
1147 2005
1907 2006
19 2007
1154 2008
1412 2009
1250 2010
590 2011
897 2012
1100 2013
1992 2014
919 2015
1181 2016
1410 2017
491 2018
449 2019
1552 2020
1816 2021
1189 2022
1255 2023
351 2024
1815 2025
639 2026
927 2027
1742 2028
1695 2029
1652 2030
1382 2031
687 2032
901 2033
1137 2034
471 2035
1959 2036
1061 2037
1892 2038
1825 2039
62 2040
1860 2041
943 2042
834 2043
291 2044
388 2045
718 2046
1609 2047
1292 2048
536 2049
1690 2050
545 2051
1610 2052
79 2053
696 2054
1039 2055
233 2056
959 2057
1718 2058
1091 2059
642 2060
150 2061
1501 2062
499 2063
750 2064
1021 2065
1002 2066
1893 2067
1430 2068
1799 2069
483 2070
403 2071
2002 2072
269 2073
1190 2074
1474 2075
137 2076
1778 2077
191 2078
1344 2079
1067 2080
1175 2081
726 2082
1211 2083
350 2084
145 2085
1067 2086
1783 2087
510 2088
1429 2089
993 2090
442 2091
471 2092
1357 2093
563 2094
1555 2095
1232 2096
1279 2097
564 2098
755 2099
529 2100
1287 2101
1001 2102
1207 2103
700 2104
1581 2105
1502 2106
1666 2107
2004 2108
1651 2109
915 2110
1392 2111
213 2112
552 2113
1726 2114
1230 2115
273 2116
120 2117
242 2118
1317 2119
901 2120
1169 2121
438 2122
1963 2123
1443 2124
1557 2125
144 2126
1903 2127
690 2128
950 2129
1969 2130
1731 2131
1670 2132
2050 2133
1702 2134
455 2135
1004 2136
1902 2137
1551 2138
1701 2139
1400 2140
1083 2141
117 2142
320 2143
307 2144
720 2145
1717 2146
829 2147
597 2148
7 2149
2114 2150
401 2151
1773 2152
1964 2153
1642 2154
872 2155
1327 2156
554 2157
1651 2158
1959 2159
1071 2160
730 2161
1324 2162
1188 2163
2068 2164
334 2165
1534 2166
796 2167
758 2168
480 2169
683 2170
251 2171
934 2172
867 2173
538 2174
1105 2175
1306 2176
654 2177
2154 2178
1271 2179
1275 2180
199 2181
1057 2182
1981 2183
90 2184
1254 2185
1964 2186
1339 2187
620 2188
1031 2189
890 2190
739 2191
1850 2192
2090 2193
424 2194
299 2195
1566 2196
356 2197
353 2198
1571 2199
1555 2200
836 2201
2080 2202
1369 2203
2100 2204
1958 2205
342 2206
857 2207
1797 2208
1372 2209
1906 2210
1877 2211
942 2212
2183 2213
158 2214
150 2215
1985 2216
1439 2217
2036 2218
136 2219
2035 2220
1209 2221
1453 2222
685 2223
1019 2224
418 2225
1670 2226
208 2227
998 2228
1788 2229
2200 2230
935 2231
500 2232
991 2233
1209 2234
1752 2235
1763 2236
1980 2237
1987 2238
670 2239
302 2240
1790 2241
882 2242
2216 2243
846 2244
1598 2245
1276 2246
2028 2247
343 2248
534 2249
1768 2250
1681 2251
45 2252
613 2253
1409 2254
912 2255
302 2256
2003 2257
424 2258
1021 2259
91 2260
1534 2261
1324 2262
268 2263
198 2264
1200 2265
2191 2266
1214 2267
408 2268
1198 2269
923 2270
1869 2271
819 2272
1915 2273
2095 2274
299 2275
776 2276
777 2277
498 2278
999 2279
2128 2280
354 2281
548 2282
1873 2283
1382 2284
446 2285
299 2286
945 2287
1299 2288
337 2289
1915 2290
2019 2291
1967 2292
772 2293
454 2294
685 2295
157 2296
1968 2297
1137 2298
609 2299
702 2300
1357 2301
490 2302
473 2303
1305 2304
974 2305
2237 2306
687 2307
2192 2308
1393 2309
67 2310
2157 2311
2216 2312
1991 2313
769 2314
2130 2315
324 2316
1592 2317
372 2318
501 2319
1359 2320
266 2321
1673 2322
2236 2323
13 2324
1123 2325
1871 2326
312 2327
94 2328
1520 2329
965 2330
1542 2331
1590 2332
2326 2333
2322 2334
1322 2335
2200 2336
1408 2337
1635 2338
808 2339
1011 2340
349 2341
118 2342
2256 2343
437 2344
436 2345
1270 2346
1458 2347
1133 2348
1484 2349
258 2350
1940 2351
2177 2352
125 2353
226 2354
142 2355
1316 2356
759 2357
55 2358
1858 2359
854 2360
715 2361
2048 2362
1652 2363
492 2364
1133 2365
2139 2366
1478 2367
2169 2368
1543 2369
2052 2370
1509 2371
366 2372
1893 2373
444 2374
460 2375
2259 2376
1242 2377
1995 2378
665 2379
60 2380
1209 2381
1235 2382
1571 2383
696 2384
45 2385
2004 2386
1710 2387
320 2388
1748 2389
1434 2390
1627 2391
1796 2392
2359 2393
378 2394
2326 2395
145 2396
739 2397
553 2398
2049 2399
1061 2400
2286 2401
923 2402
1324 2403
1080 2404
1642 2405
675 2406
641 2407
2043 2408
1471 2409
1707 2410
2034 2411
85 2412
427 2413
568 2414
2150 2415
1340 2416
2259 2417
587 2418
2341 2419
259 2420
1549 2421
198 2422
1707 2423
10 2424
1268 2425
1467 2426
232 2427
2282 2428
61 2429
2123 2430
312 2431
201 2432
1177 2433
1674 2434
2179 2435
1329 2436
2248 2437
2369 2438
1516 2439
991 2440
1897 2441
1127 2442
1019 2443
1937 2444
1773 2445
1742 2446
1662 2447
305 2448
1242 2449
1337 2450
104 2451
1330 2452
2048 2453
824 2454
1012 2455
2139 2456
1666 2457
1474 2458
1442 2459
624 2460
1866 2461
2306 2462
1733 2463
2085 2464
1382 2465
1761 2466
161 2467
117 2468
1877 2469
2182 2470
354 2471
59 2472
591 2473
1748 2474
837 2475
1311 2476
1992 2477
78 2478
1982 2479
2091 2480
1624 2481
922 2482
1687 2483
270 2484
1905 2485
2040 2486
601 2487
1212 2488
224 2489
74 2490
2312 2491
1506 2492
2479 2493
403 2494
1393 2495
1307 2496
1835 2497
369 2498
675 2499
653 2500
1766 2501
1557 2502
1592 2503
1372 2504
1086 2505
1438 2506
218 2507
519 2508
2356 2509
691 2510
152 2511
408 2512
1077 2513
467 2514
1337 2515
269 2516
359 2517
149 2518
1237 2519
1093 2520
1337 2521
965 2522
1943 2523
1801 2524
1089 2525
1558 2526
862 2527
1105 2528
1250 2529
703 2530
425 2531
1546 2532
165 2533
1082 2534
1342 2535
2431 2536
1283 2537
291 2538
1743 2539
1487 2540
473 2541
1776 2542
1627 2543
2341 2544
1904 2545
842 2546
2013 2547
802 2548
2323 2549
1564 2550
118 2551
1491 2552
339 2553
483 2554
1345 2555
1971 2556
33 2557
1546 2558
244 2559
1802 2560
1311 2561
2365 2562
1530 2563
753 2564
1538 2565
2157 2566
270 2567
1076 2568
1498 2569
1816 2570
2262 2571
896 2572
2188 2573
1182 2574
305 2575
2311 2576
459 2577
1414 2578
737 2579
2152 2580
1817 2581
1423 2582
1638 2583
1723 2584
214 2585
2419 2586
1641 2587
1481 2588
1126 2589
2224 2590
1727 2591
2532 2592
1004 2593
1513 2594
523 2595
162 2596
114 2597
2061 2598
181 2599
1253 2600
2256 2601
867 2602
687 2603
1174 2604
2449 2605
1632 2606
1658 2607
2424 2608
2055 2609
1586 2610
2272 2611
2294 2612
2362 2613
564 2614
1288 2615
5 2616
2248 2617
174 2618
103 2619
1893 2620
1992 2621
926 2622
354 2623
2252 2624
1017 2625
1196 2626
80 2627
996 2628
758 2629
1309 2630
2005 2631
2369 2632
1143 2633
891 2634
976 2635
2279 2636
446 2637
2348 2638
485 2639
321 2640
1377 2641
869 2642
2335 2643
2111 2644
1347 2645
327 2646
2199 2647
924 2648
1601 2649
2295 2650
344 2651
703 2652
1848 2653
1149 2654
1956 2655
2201 2656
2570 2657
404 2658
1992 2659
1641 2660
528 2661
326 2662
1090 2663
2514 2664
2542 2665
410 2666
2092 2667
1857 2668
1077 2669
778 2670
1115 2671
2617 2672
1116 2673
2403 2674
724 2675
108 2676
528 2677
1184 2678
2342 2679
2191 2680
1739 2681
942 2682
1431 2683
2345 2684
831 2685
2398 2686
2365 2687
317 2688
2551 2689
126 2690
1282 2691
397 2692
1003 2693
1140 2694
1432 2695
1081 2696
1786 2697
441 2698
2055 2699
1135 2700
585 2701
1339 2702
198 2703
2594 2704
1900 2705
2420 2706
1180 2707
2383 2708
108 2709
2096 2710
325 2711
1063 2712
1642 2713
219 2714
1896 2715
1999 2716
558 2717
2611 2718
1557 2719
1651 2720
981 2721
2458 2722
773 2723
1090 2724
1963 2725
2511 2726
2418 2727
1336 2728
1047 2729
1104 2730
1495 2731
1466 2732
2323 2733
1552 2734
2357 2735
315 2736
1161 2737
780 2738
1528 2739
2133 2740
1667 2741
198 2742
492 2743
1671 2744
1722 2745
2374 2746
255 2747
1731 2748
1799 2749
1727 2750
302 2751
1647 2752
1763 2753
2462 2754
1182 2755
161 2756
519 2757
1062 2758
1500 2759
1946 2760
981 2761
2123 2762
677 2763
2327 2764
161 2765
2405 2766
698 2767
2448 2768
569 2769
1451 2770
648 2771
1725 2772
2599 2773
1168 2774
741 2775
2126 2776
81 2777
876 2778
2629 2779
1709 2780
2761 2781
727 2782
2298 2783
585 2784
1188 2785
747 2786
671 2787
2492 2788
1505 2789
1767 2790
2245 2791
705 2792
2271 2793
2683 2794
901 2795
1150 2796
585 2797
965 2798
292 2799
456 2800
287 2801
17 2802
2256 2803
1002 2804
2489 2805
2294 2806
1667 2807
202 2808
1000 2809
2622 2810
394 2811
285 2812
1737 2813
447 2814
748 2815
1038 2816
448 2817
957 2818
1480 2819
2151 2820
1973 2821
1888 2822
1081 2823
339 2824
354 2825
1129 2826
527 2827
434 2828
2403 2829
1286 2830
193 2831
1509 2832
403 2833
778 2834
466 2835
1972 2836
1563 2837
2766 2838
1832 2839
1838 2840
128 2841
2259 2842
235 2843
1821 2844
14 2845
1786 2846
294 2847
2425 2848
2743 2849
1243 2850
281 2851
414 2852
2144 2853
1288 2854
2687 2855
4 2856
2644 2857
1288 2858
114 2859
1385 2860
366 2861
1186 2862
2377 2863
2363 2864
2461 2865
701 2866
552 2867
313 2868
421 2869
2087 2870
875 2871
1775 2872
2865 2873
1462 2874
881 2875
619 2876
2853 2877
188 2878
1996 2879
629 2880
2716 2881
2372 2882
2144 2883
1724 2884
1018 2885
10 2886
2686 2887
1516 2888
1146 2889
2422 2890
929 2891
1026 2892
2023 2893
2056 2894
2375 2895
2697 2896
2805 2897
881 2898
2812 2899
2115 2900
2462 2901
32 2902
1683 2903
90 2904
1157 2905
543 2906
225 2907
1600 2908
1239 2909
1243 2910
326 2911
142 2912
2462 2913
358 2914
1257 2915
951 2916
1181 2917
353 2918
868 2919
770 2920
1153 2921
2438 2922
1113 2923
1561 2924
1300 2925
2913 2926
2344 2927
861 2928
555 2929
1401 2930
1062 2931
732 2932
1089 2933
2057 2934
1664 2935
2246 2936
2834 2937
2732 2938
1697 2939
1349 2940
1624 2941
934 2942
1893 2943
1202 2944
1786 2945
2406 2946
1990 2947
331 2948
1652 2949
2625 2950
1992 2951
298 2952
1897 2953
2725 2954
1639 2955
5 2956
736 2957
932 2958
1749 2959
1339 2960
416 2961
1173 2962
270 2963
1381 2964
2539 2965
821 2966
620 2967
709 2968
1758 2969
400 2970
1161 2971
685 2972
1240 2973
2907 2974
1232 2975
1998 2976
691 2977
2940 2978
1665 2979
210 2980
2200 2981
1987 2982
2559 2983
2080 2984
1656 2985
906 2986
1974 2987
1626 2988
1955 2989
44 2990
1418 2991
204 2992
2267 2993
1915 2994
66 2995
2170 2996
2961 2997
1513 2998
2898 2999
1953 3000
2149 3001
2192 3002
599 3003
2180 3004
962 3005
364 3006
2899 3007
104 3008
1042 3009
2349 3010
1313 3011
814 3012
348 3013
750 3014
507 3015
2299 3016
1792 3017
1015 3018
2034 3019
2843 3020
1171 3021
2068 3022
51 3023
2713 3024
265 3025
1499 3026
194 3027
1949 3028
2023 3029
1687 3030
2798 3031
764 3032
1219 3033
1646 3034
2704 3035
1823 3036
1764 3037
2915 3038
2112 3039
901 3040
460 3041
2147 3042
2324 3043
2620 3044
2929 3045
2267 3046
396 3047
1197 3048
979 3049
1977 3050
1046 3051
1554 3052
398 3053
441 3054
1909 3055
2375 3056
494 3057
396 3058
1024 3059
2082 3060
1533 3061
371 3062
1196 3063
2384 3064
419 3065
878 3066
1248 3067
1651 3068
2338 3069
2358 3070
2862 3071
2654 3072
2872 3073
1382 3074
2626 3075
1860 3076
1145 3077
191 3078
1919 3079
2561 3080
2417 3081
1067 3082
1693 3083
1978 3084
1880 3085
1891 3086
348 3087
2849 3088
1968 3089
275 3090
2060 3091
679 3092
1177 3093
2686 3094
555 3095
1862 3096
396 3097
692 3098
223 3099
2957 3100
2164 3101
158 3102
970 3103
1472 3104
1856 3105
136 3106
1474 3107
1043 3108
1663 3109
2262 3110
1388 3111
1799 3112
64 3113
1789 3114
2005 3115
2757 3116
520 3117
538 3118
1920 3119
947 3120
839 3121
2596 3122
3084 3123
1720 3124
371 3125
1314 3126
2255 3127
304 3128
946 3129
507 3130
1191 3131
2913 3132
2202 3133
1712 3134
308 3135
1317 3136
3052 3137
855 3138
95 3139
414 3140
804 3141
2158 3142
418 3143
1511 3144
1551 3145
2067 3146
3123 3147
218 3148
619 3149
2818 3150
1326 3151
2844 3152
3101 3153
1961 3154
1570 3155
1523 3156
1834 3157
2553 3158
2033 3159
3052 3160
1646 3161
949 3162
1852 3163
2636 3164
1244 3165
524 3166
2625 3167
3068 3168
2944 3169
2526 3170
2503 3171
1878 3172
2094 3173
292 3174
848 3175
341 3176
1851 3177
392 3178
1432 3179
72 3180
716 3181
2858 3182
1522 3183
3104 3184
2095 3185
1131 3186
1368 3187
1488 3188
3015 3189
1699 3190
315 3191
1567 3192
2280 3193
1873 3194
986 3195
2696 3196
691 3197
98 3198
2331 3199
1441 3200
297 3201
2536 3202
2019 3203
3179 3204
2627 3205
104 3206
1986 3207
414 3208
3204 3209
864 3210
431 3211
729 3212
1920 3213
3106 3214
1345 3215
2215 3216
1794 3217
1016 3218
485 3219
2136 3220
1380 3221
721 3222
1519 3223
2624 3224
506 3225
3172 3226
1259 3227
2723 3228
2478 3229
1968 3230
1307 3231
739 3232
594 3233
2906 3234
617 3235
1201 3236
2884 3237
2462 3238
1576 3239
2764 3240
972 3241
3 3242
1887 3243
2655 3244
1680 3245
2834 3246
2017 3247
2 3248
75 3249
1423 3250
2831 3251
2904 3252
2836 3253
2905 3254
2426 3255
3189 3256
2258 3257
3034 3258
2339 3259
1372 3260
1389 3261
2030 3262
337 3263
2109 3264
1952 3265
2076 3266
1342 3267
1125 3268
1986 3269
2337 3270
213 3271
339 3272
1529 3273
771 3274
343 3275
174 3276
1407 3277
715 3278
621 3279
295 3280
808 3281
231 3282
1298 3283
836 3284
1260 3285
2161 3286
3260 3287
2509 3288
1101 3289
3269 3290
322 3291
1181 3292
942 3293
363 3294
1117 3295
520 3296
2860 3297
3179 3298
2444 3299
2812 3300
267 3301
1627 3302
3078 3303
605 3304
2961 3305
1721 3306
321 3307
2520 3308
2514 3309
3254 3310
1954 3311
16 3312
2637 3313
978 3314
2853 3315
1567 3316
1198 3317
2877 3318
2793 3319
2202 3320
284 3321
2585 3322
1489 3323
1927 3324
974 3325
3050 3326
3312 3327
2448 3328
2790 3329
1796 3330
2568 3331
3248 3332
824 3333
912 3334
89 3335
2301 3336
1548 3337
1353 3338
245 3339
2532 3340
105 3341
744 3342
2392 3343
2627 3344
1236 3345
2396 3346
2931 3347
2291 3348
664 3349
2010 3350
2739 3351
2115 3352
132 3353
158 3354
1497 3355
2901 3356
2898 3357
450 3358
1692 3359
2784 3360
224 3361
2742 3362
2957 3363
870 3364
1925 3365
520 3366
1898 3367
2633 3368
2181 3369
2840 3370
827 3371
1676 3372
3213 3373
1788 3374
2805 3375
2183 3376
2219 3377
3278 3378
379 3379
2577 3380
1132 3381
1467 3382
1948 3383
930 3384
2409 3385
111 3386
3114 3387
1573 3388
2375 3389
2918 3390
1276 3391
1045 3392
3022 3393
1822 3394
3361 3395
1682 3396
2750 3397
3048 3398
1469 3399
1544 3400
1587 3401
1559 3402
902 3403
2408 3404
2516 3405
701 3406
961 3407
2150 3408
604 3409
2665 3410
1964 3411
2515 3412
3167 3413
2483 3414
479 3415
505 3416
483 3417
3366 3418
2314 3419
59 3420
1126 3421
1815 3422
167 3423
880 3424
1015 3425
779 3426
1913 3427
1197 3428
2920 3429
61 3430
664 3431
2076 3432
231 3433
1591 3434
971 3435
517 3436
2355 3437
1434 3438
2769 3439
485 3440
2989 3441
1885 3442
2385 3443
1564 3444
601 3445
29 3446
144 3447
294 3448
2817 3449
3197 3450
15 3451
378 3452
2978 3453
2441 3454
1769 3455
120 3456
980 3457
3140 3458
1907 3459
1087 3460
756 3461
1362 3462
657 3463
2759 3464
3461 3465
3374 3466
2150 3467
1928 3468
573 3469
1522 3470
1685 3471
77 3472
876 3473
818 3474
3342 3475
2798 3476
2208 3477
3196 3478
417 3479
455 3480
1899 3481
2639 3482
1020 3483
367 3484
665 3485
264 3486
1280 3487
400 3488
3425 3489
2745 3490
1899 3491
954 3492
1143 3493
759 3494
1284 3495
80 3496
2384 3497
2984 3498
2232 3499
1468 3500
860 3501
1185 3502
989 3503
3181 3504
2141 3505
3065 3506
2291 3507
2388 3508
2347 3509
2443 3510
2801 3511
3451 3512
851 3513
3404 3514
2547 3515
728 3516
1260 3517
1066 3518
2703 3519
2885 3520
2139 3521
2052 3522
1656 3523
2679 3524
783 3525
2986 3526
1011 3527
3325 3528
579 3529
207 3530
1787 3531
3302 3532
1139 3533
2 3534
567 3535
462 3536
421 3537
3284 3538
51 3539
1822 3540
1838 3541
641 3542
2676 3543
1895 3544
1683 3545
1172 3546
1267 3547
2212 3548
2854 3549
2766 3550
820 3551
336 3552
587 3553
609 3554
1341 3555
141 3556
37 3557
2250 3558
2067 3559
127 3560
2576 3561
689 3562
1267 3563
34 3564
1921 3565
3002 3566
3373 3567
1190 3568
482 3569
1231 3570
2504 3571
1937 3572
893 3573
212 3574
2892 3575
3085 3576
1642 3577
2693 3578
2747 3579
1242 3580
1716 3581
2907 3582
534 3583
1977 3584
1698 3585
1519 3586
1047 3587
1339 3588
125 3589
3512 3590
2840 3591
699 3592
3492 3593
1977 3594
1152 3595
3152 3596
1509 3597
1689 3598
227 3599
2189 3600
436 3601
2023 3602
742 3603
2846 3604
2473 3605
1156 3606
1489 3607
100 3608
743 3609
2112 3610
1422 3611
3195 3612
3476 3613
707 3614
3606 3615
2397 3616
840 3617
2719 3618
3270 3619
98 3620
2970 3621
3062 3622
1677 3623
847 3624
2421 3625
1307 3626
87 3627
1421 3628
2119 3629
2500 3630
2733 3631
2362 3632
2257 3633
622 3634
3546 3635
2768 3636
23 3637
706 3638
1037 3639
604 3640
126 3641
2048 3642
1844 3643
372 3644
1081 3645
2160 3646
2922 3647
817 3648
828 3649
3188 3650
1924 3651
1051 3652
2295 3653
3643 3654
2245 3655
14 3656
2672 3657
128 3658
144 3659
2480 3660
3261 3661
3302 3662
1677 3663
1204 3664
2814 3665
2833 3666
3464 3667
1898 3668
2256 3669
2182 3670
1894 3671
1557 3672
1472 3673
3122 3674
1159 3675
3470 3676
1337 3677
2094 3678
1042 3679
21 3680
2434 3681
3192 3682
3603 3683
1164 3684
816 3685
1856 3686
1215 3687
1164 3688
1424 3689
875 3690
3599 3691
1422 3692
1990 3693
3469 3694
2579 3695
1963 3696
2853 3697
1686 3698
2361 3699
3099 3700
1429 3701
2476 3702
2968 3703
2689 3704
1743 3705
1174 3706
3086 3707
849 3708
2667 3709
2502 3710
2404 3711
2091 3712
3137 3713
1631 3714
3518 3715
1077 3716
2034 3717
3234 3718
2448 3719
2527 3720
1201 3721
1291 3722
1928 3723
3582 3724
3678 3725
155 3726
2857 3727
894 3728
720 3729
2109 3730
2618 3731
462 3732
3546 3733
3331 3734
2782 3735
810 3736
3638 3737
725 3738
890 3739
3404 3740
2072 3741
1256 3742
3324 3743
222 3744
914 3745
389 3746
2424 3747
1907 3748
334 3749
3172 3750
2890 3751
2538 3752
1799 3753
3212 3754
388 3755
247 3756
1678 3757
826 3758
2571 3759
320 3760
176 3761
2481 3762
729 3763
1884 3764
2876 3765
905 3766
3049 3767
1861 3768
293 3769
2382 3770
873 3771
3582 3772
3239 3773
3118 3774
1310 3775
521 3776
2779 3777
1426 3778
690 3779
2944 3780
2006 3781
2860 3782
874 3783
16 3784
2037 3785
1598 3786
1846 3787
353 3788
1957 3789
1453 3790
1547 3791
3124 3792
1886 3793
1849 3794
2564 3795
3689 3796
3559 3797
3087 3798
791 3799
971 3800
1000 3801
1366 3802
2666 3803
2021 3804
3022 3805
1030 3806
657 3807
2838 3808
2287 3809
1531 3810
264 3811
3495 3812
1805 3813
2712 3814
2644 3815
869 3816
2335 3817
2630 3818
3674 3819
351 3820
3580 3821
2720 3822
940 3823
477 3824
479 3825
2504 3826
882 3827
1402 3828
2599 3829
3664 3830
2640 3831
2763 3832
2592 3833
64 3834
1078 3835
2526 3836
408 3837
3376 3838
3615 3839
2149 3840
3535 3841
2812 3842
2397 3843
914 3844
3375 3845
3155 3846
2984 3847
2898 3848
3165 3849
3717 3850
2175 3851
1736 3852
908 3853
2433 3854
1253 3855
3681 3856
347 3857
1541 3858
2138 3859
1027 3860
438 3861
933 3862
1913 3863
2312 3864
231 3865
245 3866
746 3867
2460 3868
937 3869
2799 3870
2941 3871
2273 3872
2840 3873
1177 3874
3852 3875
3762 3876
123 3877
1270 3878
1116 3879
3795 3880
3831 3881
704 3882
1479 3883
3855 3884
2361 3885
1447 3886
1300 3887
1467 3888
472 3889
1207 3890
2735 3891
839 3892
216 3893
83 3894
3251 3895
1163 3896
1978 3897
2517 3898
69 3899
3512 3900
3034 3901
3697 3902
258 3903
2506 3904
545 3905
3129 3906
1381 3907
2277 3908
3252 3909
862 3910
2922 3911
2949 3912
1079 3913
2282 3914
1414 3915
2363 3916
471 3917
2532 3918
2125 3919
1405 3920
2635 3921
336 3922
2345 3923
1208 3924
3720 3925
3467 3926
3905 3927
90 3928
114 3929
1842 3930
431 3931
3366 3932
1153 3933
3767 3934
2885 3935
2411 3936
1917 3937
3517 3938
3752 3939
202 3940
97 3941
1582 3942
2193 3943
2160 3944
3156 3945
2115 3946
3429 3947
377 3948
1092 3949
2650 3950
2886 3951
3376 3952
3404 3953
3051 3954
1479 3955
915 3956
1172 3957
85 3958
1029 3959
726 3960
3436 3961
1982 3962
2826 3963
2849 3964
2133 3965
1572 3966
2252 3967
2217 3968
3005 3969
817 3970
3814 3971
3159 3972
869 3973
2467 3974
286 3975
1872 3976
363 3977
2940 3978
1424 3979
1235 3980
2383 3981
453 3982
71 3983
648 3984
1741 3985
16 3986
613 3987
187 3988
233 3989
357 3990
1040 3991
1995 3992
225 3993
868 3994
3587 3995
267 3996
3280 3997
3723 3998
56 3999
631 4000
2130 4001
2007 4002
1731 4003
1000 4004
2084 4005
1645 4006
3719 4007
605 4008
2012 4009
3676 4010
34 4011
3756 4012
3313 4013
2485 4014
1872 4015
2929 4016
3520 4017
3216 4018
3851 4019
1714 4020
3972 4021
301 4022
91 4023
480 4024
3119 4025
3235 4026
1892 4027
2272 4028
3967 4029
941 4030
667 4031
3582 4032
530 4033
1766 4034
3477 4035
1173 4036
3803 4037
1848 4038
1915 4039
90 4040
2371 4041
2732 4042
3990 4043
634 4044
3852 4045
2527 4046
1555 4047
1876 4048
2630 4049
2855 4050
864 4051
2290 4052
3326 4053
912 4054
3684 4055
1885 4056
3609 4057
3837 4058
1369 4059
2908 4060
2615 4061
1451 4062
3151 4063
2596 4064
1877 4065
1233 4066
3534 4067
1431 4068
3725 4069
1698 4070
850 4071
357 4072
312 4073
3313 4074
3846 4075
1932 4076
1688 4077
2322 4078
3956 4079
62 4080
3407 4081
2617 4082
621 4083
817 4084
2919 4085
1838 4086
1904 4087
2705 4088
2414 4089
1233 4090
3072 4091
425 4092
2135 4093
1306 4094
1744 4095
1246 4096
148 4097
4066 4098
2707 4099
2482 4100
2224 4101
81 4102
725 4103
430 4104
3441 4105
1653 4106
77 4107
1440 4108
1778 4109
3908 4110
3263 4111
1516 4112
2913 4113
2541 4114
2617 4115
1058 4116
3194 4117
3306 4118
3144 4119
3286 4120
3385 4121
1181 4122
2692 4123
2150 4124
3029 4125
3109 4126
3414 4127
108 4128
1665 4129
2990 4130
458 4131
1412 4132
3983 4133
1607 4134
3956 4135
1936 4136
1150 4137
2154 4138
1066 4139
2028 4140
1767 4141
368 4142
1581 4143
2059 4144
3083 4145
1203 4146
1553 4147
3872 4148
2332 4149
935 4150
1082 4151
1289 4152
68 4153
558 4154
3148 4155
3848 4156
2166 4157
172 4158
1681 4159
741 4160
1965 4161
425 4162
4044 4163
3487 4164
3062 4165
3784 4166
1142 4167
1148 4168
3678 4169
796 4170
755 4171
2538 4172
3812 4173
1795 4174
958 4175
3884 4176
378 4177
3505 4178
3437 4179
412 4180
2803 4181
1770 4182
3050 4183
1043 4184
3917 4185
1566 4186
3942 4187
141 4188
163 4189
808 4190
2003 4191
1320 4192
2638 4193
1374 4194
2328 4195
2216 4196
2925 4197
4177 4198
3513 4199
881 4200
1785 4201
3496 4202
1064 4203
1298 4204
784 4205
232 4206
1951 4207
2094 4208
982 4209
1507 4210
2796 4211
1642 4212
2817 4213
2035 4214
1236 4215
2473 4216
1357 4217
613 4218
2590 4219
10 4220
995 4221
3500 4222
514 4223
82 4224
1787 4225
3599 4226
1204 4227
635 4228
1672 4229
1964 4230
3407 4231
2630 4232
2057 4233
4170 4234
1754 4235
729 4236
380 4237
1869 4238
1328 4239
2866 4240
2998 4241
2020 4242
4029 4243
164 4244
2856 4245
85 4246
740 4247
2998 4248
1799 4249
2294 4250
3093 4251
2530 4252
61 4253
540 4254
710 4255
1151 4256
3398 4257
2213 4258
1603 4259
872 4260
822 4261
3572 4262
4140 4263
1656 4264
2495 4265
1688 4266
1331 4267
3458 4268
1029 4269
280 4270
3062 4271
491 4272
113 4273
626 4274
1512 4275
99 4276
36 4277
2209 4278
3246 4279
2628 4280
3525 4281
777 4282
977 4283
1601 4284
2695 4285
1619 4286
1655 4287
4019 4288
1812 4289
422 4290
834 4291
1153 4292
4075 4293
2062 4294
900 4295
1822 4296
1593 4297
619 4298
3692 4299
2669 4300
1371 4301
104 4302
3693 4303
3768 4304
2400 4305
225 4306
3271 4307
3121 4308
1952 4309
3637 4310
4020 4311
3555 4312
847 4313
3081 4314
3113 4315
1721 4316
516 4317
2249 4318
2254 4319
1198 4320
2764 4321
4253 4322
1138 4323
1567 4324
2901 4325
2932 4326
1472 4327
2741 4328
1380 4329
2062 4330
3320 4331
2595 4332
3428 4333
3651 4334
1377 4335
2601 4336
2113 4337
3289 4338
2318 4339
1755 4340
2901 4341
290 4342
3802 4343
292 4344
578 4345
3015 4346
1462 4347
2574 4348
430 4349
495 4350
2860 4351
3179 4352
699 4353
3970 4354
3886 4355
644 4356
1309 4357
4286 4358
366 4359
1627 4360
740 4361
1919 4362
3942 4363
4015 4364
371 4365
3413 4366
4036 4367
2361 4368
713 4369
1668 4370
3903 4371
1290 4372
2002 4373
3700 4374
3876 4375
2774 4376
87 4377
2261 4378
2192 4379
366 4380
631 4381
939 4382
2351 4383
4206 4384
2675 4385
4012 4386
1176 4387
427 4388
3219 4389
1755 4390
3617 4391
1033 4392
2870 4393
252 4394
4255 4395
2206 4396
3089 4397
2777 4398
1164 4399
63 4400
4387 4401
3320 4402
4136 4403
3594 4404
2431 4405
2332 4406
364 4407
1143 4408
2276 4409
1489 4410
3633 4411
2452 4412
2604 4413
3706 4414
1148 4415
1382 4416
366 4417
1599 4418
1145 4419
3042 4420
2195 4421
1326 4422
1502 4423
1016 4424
15 4425
550 4426
412 4427
2874 4428
2237 4429
3148 4430
2326 4431
409 4432
4119 4433
1109 4434
3435 4435
2091 4436
3664 4437
3600 4438
1205 4439
2739 4440
501 4441
4185 4442
629 4443
4338 4444
1205 4445
1636 4446
2521 4447
3123 4448
1438 4449
3135 4450
891 4451
4249 4452
929 4453
1287 4454
2856 4455
3871 4456
1498 4457
3386 4458
2123 4459
2848 4460
637 4461
4356 4462
2266 4463
2129 4464
1587 4465
3096 4466
1821 4467
1005 4468
516 4469
3992 4470
1692 4471
3888 4472
3367 4473
1875 4474
3484 4475
89 4476
1833 4477
2970 4478
2128 4479
3403 4480
3959 4481
2855 4482
3514 4483
4191 4484
3372 4485
2731 4486
3094 4487
1220 4488
4307 4489
1066 4490
1430 4491
3943 4492
2311 4493
4306 4494
1248 4495
1445 4496
648 4497
2335 4498
2518 4499
3896 4500
2493 4501
2321 4502
2828 4503
4399 4504
1191 4505
2682 4506
195 4507
962 4508
3268 4509
2171 4510
2817 4511
668 4512
2152 4513
1124 4514
3143 4515
590 4516
4437 4517
378 4518
152 4519
3926 4520
2610 4521
894 4522
3453 4523
3706 4524
1266 4525
324 4526
562 4527
747 4528
913 4529
433 4530
3981 4531
661 4532
3484 4533
1604 4534
4024 4535
2315 4536
1659 4537
490 4538
1358 4539
739 4540
1204 4541
4515 4542
760 4543
2668 4544
4107 4545
1257 4546
135 4547
1982 4548
1297 4549
2661 4550
749 4551
1967 4552
3579 4553
4395 4554
1124 4555
1364 4556
2250 4557
1119 4558
3255 4559
2680 4560
3213 4561
2755 4562
466 4563
1627 4564
2849 4565
2638 4566
1165 4567
3270 4568
4023 4569
1267 4570
2737 4571
953 4572
730 4573
322 4574
4223 4575
2966 4576
3787 4577
4566 4578
919 4579
2623 4580
3265 4581
2911 4582
2719 4583
535 4584
4419 4585
4237 4586
4374 4587
2992 4588
2915 4589
960 4590
559 4591
3762 4592
4590 4593
853 4594
2622 4595
71 4596
780 4597
2320 4598
1591 4599
1141 4600
3938 4601
3973 4602
4382 4603
3468 4604
1086 4605
3532 4606
3061 4607
985 4608
1704 4609
2760 4610
493 4611
896 4612
566 4613
1046 4614
212 4615
2195 4616
649 4617
4195 4618
2840 4619
2334 4620
3176 4621
202 4622
4287 4623
380 4624
2133 4625
649 4626
3681 4627
244 4628
71 4629
2439 4630
295 4631
1386 4632
2736 4633
326 4634
3178 4635
3423 4636
2898 4637
2168 4638
2094 4639
1418 4640
1818 4641
3037 4642
543 4643
2763 4644
2840 4645
1048 4646
3888 4647
604 4648
3567 4649
1216 4650
697 4651
4430 4652
1905 4653
2044 4654
4312 4655
2304 4656
3447 4657
3699 4658
1189 4659
1971 4660
360 4661
2508 4662
2782 4663
693 4664
3911 4665
4358 4666
3440 4667
2216 4668
982 4669
1962 4670
1014 4671
3906 4672
2601 4673
1970 4674
422 4675
1140 4676
1980 4677
796 4678
4118 4679
3678 4680
1137 4681
4106 4682
522 4683
2801 4684
747 4685
735 4686
3343 4687
4233 4688
1147 4689
3176 4690
608 4691
3190 4692
1062 4693
4675 4694
2544 4695
3661 4696
3548 4697
1701 4698
3362 4699
3806 4700
1393 4701
528 4702
3132 4703
857 4704
1611 4705
645 4706
2455 4707
1818 4708
1966 4709
815 4710
1368 4711
2767 4712
525 4713
1133 4714
1184 4715
1320 4716
969 4717
2738 4718
2335 4719
511 4720
2484 4721
3403 4722
3431 4723
3469 4724
2820 4725
2530 4726
1697 4727
2951 4728
1764 4729
2905 4730
3854 4731
3009 4732
4460 4733
2292 4734
2193 4735
2170 4736
1609 4737
3374 4738
2619 4739
2435 4740
1687 4741
2570 4742
2190 4743
1460 4744
1155 4745
3543 4746
662 4747
3008 4748
4239 4749
969 4750
3165 4751
4666 4752
1649 4753
3138 4754
4094 4755
1702 4756
1903 4757
1582 4758
2545 4759
4425 4760
2807 4761
3138 4762
2747 4763
417 4764
1463 4765
3390 4766
1965 4767
4213 4768
3754 4769
1815 4770
1533 4771
1594 4772
3405 4773
3366 4774
1750 4775
944 4776
2278 4777
807 4778
4172 4779
2242 4780
768 4781
34 4782
989 4783
3411 4784
781 4785
2093 4786
2806 4787
1812 4788
2216 4789
1954 4790
3398 4791
3403 4792
453 4793
1868 4794
4347 4795
2053 4796
3332 4797
1068 4798
2596 4799
1291 4800
759 4801
652 4802
2313 4803
1742 4804
4277 4805
4326 4806
1659 4807
1774 4808
1668 4809
2682 4810
571 4811
2407 4812
1137 4813
4451 4814
581 4815
1812 4816
4398 4817
2038 4818
4621 4819
2332 4820
804 4821
1898 4822
189 4823
2909 4824
1124 4825
1519 4826
3962 4827
4216 4828
3507 4829
706 4830
3173 4831
4644 4832
1688 4833
3258 4834
1272 4835
4407 4836
3111 4837
3246 4838
1437 4839
937 4840
1253 4841
210 4842
3675 4843
1629 4844
4129 4845
3340 4846
1739 4847
4239 4848
408 4849
1093 4850
2454 4851
3522 4852
97 4853
1680 4854
2364 4855
2254 4856
2018 4857
69 4858
3599 4859
4091 4860
500 4861
4415 4862
1909 4863
1327 4864
4502 4865
3451 4866
3476 4867
3060 4868
627 4869
1119 4870
2968 4871
2795 4872
4363 4873
2615 4874
4733 4875
3650 4876
2929 4877
2612 4878
1761 4879
2380 4880
2291 4881
1164 4882
726 4883
4742 4884
4577 4885
2604 4886
1199 4887
3856 4888
1963 4889
1403 4890
589 4891
485 4892
3378 4893
164 4894
101 4895
4089 4896
4350 4897
489 4898
2709 4899
2 4900
4380 4901
3314 4902
4272 4903
915 4904
1047 4905
2875 4906
3890 4907
40 4908
3643 4909
1016 4910
1415 4911
2393 4912
1576 4913
4282 4914
4256 4915
297 4916
2447 4917
2395 4918
2965 4919
2484 4920
1322 4921
1452 4922
1817 4923
3627 4924
3115 4925
666 4926
1953 4927
2722 4928
2816 4929
1278 4930
4911 4931
3607 4932
4455 4933
4040 4934
1477 4935
260 4936
322 4937
399 4938
4688 4939
3478 4940
3632 4941
4095 4942
2469 4943
3329 4944
1845 4945
700 4946
4307 4947
360 4948
1871 4949
1456 4950
702 4951
2087 4952
2524 4953
3089 4954
100 4955
4196 4956
3658 4957
4186 4958
1979 4959
3662 4960
3405 4961
322 4962
3148 4963
4712 4964
621 4965
4055 4966
3232 4967
4695 4968
1790 4969
4430 4970
39 4971
4424 4972
2761 4973
94 4974
2833 4975
1085 4976
2289 4977
2730 4978
3729 4979
2234 4980
1521 4981
311 4982
2843 4983
1070 4984
3105 4985
3152 4986
1303 4987
3560 4988
2265 4989
2719 4990
4310 4991
4756 4992
2569 4993
1262 4994
1609 4995
4420 4996
4371 4997
34 4998
4641 4999
4068 5000
3002 5001
2365 5002
976 5003
1593 5004
356 5005
4376 5006
2925 5007
1820 5008
4820 5009
4218 5010
3151 5011
682 5012
2103 5013
3658 5014
994 5015
4203 5016
2996 5017
1886 5018
2404 5019
3711 5020
2024 5021
3324 5022
638 5023
2252 5024
4921 5025
873 5026
4182 5027
3527 5028
3445 5029
397 5030
932 5031
1288 5032
720 5033
4653 5034
1004 5035
3319 5036
1365 5037
1119 5038
3012 5039
4678 5040
5030 5041
262 5042
897 5043
4183 5044
2505 5045
4097 5046
4691 5047
1556 5048
1804 5049
1976 5050
4945 5051
1189 5052
2516 5053
1438 5054
1458 5055
4511 5056
3319 5057
2198 5058
1709 5059
2267 5060
1200 5061
4450 5062
3643 5063
640 5064
4393 5065
801 5066
2139 5067
1513 5068
4983 5069
1884 5070
416 5071
4166 5072
802 5073
4386 5074
1683 5075
3566 5076
3788 5077
2150 5078
2674 5079
3068 5080
2772 5081
3199 5082
4552 5083
8 5084
2222 5085
3178 5086
3435 5087
3027 5088
3216 5089
484 5090
3099 5091
2754 5092
4326 5093
3584 5094
676 5095
84 5096
1700 5097
1413 5098
2446 5099
1946 5100
3897 5101
3636 5102
3214 5103
527 5104
2425 5105
1875 5106
3474 5107
1840 5108
3655 5109
3484 5110
736 5111
1339 5112
1925 5113
2798 5114
756 5115
3807 5116
4037 5117
1791 5118
3424 5119
843 5120
562 5121
5081 5122
3279 5123
1800 5124
1183 5125
2168 5126
2640 5127
4890 5128
1210 5129
810 5130
2879 5131
680 5132
3167 5133
945 5134
2760 5135
2168 5136
4545 5137
4858 5138
1893 5139
4523 5140
2087 5141
4107 5142
4883 5143
3393 5144
4218 5145
1875 5146
3985 5147
2245 5148
3763 5149
4107 5150
2147 5151
4949 5152
4424 5153
2922 5154
2275 5155
752 5156
255 5157
2404 5158
75 5159
2256 5160
5137 5161
355 5162
895 5163
3757 5164
3801 5165
2897 5166
4730 5167
3391 5168
3654 5169
1564 5170
1705 5171
3615 5172
306 5173
860 5174
4485 5175
292 5176
2105 5177
4292 5178
4155 5179
4010 5180
2052 5181
1547 5182
5092 5183
4442 5184
3129 5185
2031 5186
4357 5187
4804 5188
2732 5189
2122 5190
4731 5191
4736 5192
1012 5193
3091 5194
2561 5195
3464 5196
2052 5197
4532 5198
4759 5199
1772 5200
522 5201
2152 5202
2255 5203
1438 5204
3080 5205
4347 5206
5146 5207
1294 5208
1614 5209
2626 5210
3926 5211
1326 5212
5131 5213
1865 5214
4113 5215
638 5216
177 5217
5004 5218
4497 5219
390 5220
3328 5221
2169 5222
1021 5223
2737 5224
1337 5225
2356 5226
3786 5227
3936 5228
1983 5229
4963 5230
4066 5231
3265 5232
3959 5233
1501 5234
5155 5235
174 5236
5017 5237
619 5238
893 5239
2923 5240
2505 5241
839 5242
4448 5243
129 5244
1294 5245
2421 5246
2407 5247
433 5248
3416 5249
3413 5250
3478 5251
4772 5252
4153 5253
1405 5254
4163 5255
3027 5256
3786 5257
4556 5258
353 5259
2459 5260
4771 5261
3915 5262
3548 5263
1143 5264
3403 5265
601 5266
4878 5267
2559 5268
4632 5269
2810 5270
3548 5271
2128 5272
3493 5273
5011 5274
1660 5275
3021 5276
2682 5277
2468 5278
3121 5279
3239 5280
2876 5281
1008 5282
1376 5283
4792 5284
4503 5285
4450 5286
1877 5287
5096 5288
1389 5289
3189 5290
2442 5291
4455 5292
2931 5293
4509 5294
832 5295
1670 5296
1111 5297
2256 5298
4118 5299
3246 5300
2638 5301
2874 5302
4874 5303
3629 5304
2032 5305
604 5306
2521 5307
2109 5308
62 5309
3557 5310
4523 5311
864 5312
1684 5313
2542 5314
2085 5315
2660 5316
2496 5317
1126 5318
2547 5319
2810 5320
2981 5321
1892 5322
4346 5323
3170 5324
1078 5325
4308 5326
4787 5327
3614 5328
641 5329
1814 5330
2476 5331
2235 5332
5243 5333
2438 5334
59 5335
4379 5336
1691 5337
4173 5338
11 5339
4239 5340
310 5341
716 5342
1313 5343
1886 5344
1671 5345
4674 5346
932 5347
5122 5348
4997 5349
4968 5350
2564 5351
1781 5352
4861 5353
1941 5354
5028 5355
4805 5356
4019 5357
1102 5358
2514 5359
1600 5360
2080 5361
2326 5362
4697 5363
4675 5364
1692 5365
1631 5366
1367 5367
432 5368
86 5369
2664 5370
4884 5371
2175 5372
544 5373
2178 5374
4045 5375
4687 5376
4878 5377
4273 5378
3875 5379
4045 5380
3041 5381
3392 5382
3421 5383
2759 5384
56 5385
1935 5386
3827 5387
560 5388
1547 5389
665 5390
2935 5391
5061 5392
1653 5393
5064 5394
3722 5395
5336 5396
126 5397
146 5398
1007 5399
2119 5400
3042 5401
1690 5402
4013 5403
53 5404
959 5405
2198 5406
2372 5407
2495 5408
408 5409
5196 5410
3448 5411
2536 5412
2904 5413
916 5414
2527 5415
3737 5416
2684 5417
4355 5418
4025 5419
1041 5420
4971 5421
2150 5422
4149 5423
3960 5424
3967 5425
2456 5426
4882 5427
2037 5428
2335 5429
2980 5430
5420 5431
3010 5432
2749 5433
2581 5434
3353 5435
3663 5436
2477 5437
5202 5438
471 5439
2636 5440
617 5441
42 5442
2186 5443
3332 5444
2671 5445
195 5446
1273 5447
4392 5448
924 5449
421 5450
2965 5451
4938 5452
5417 5453
4855 5454
4982 5455
204 5456
5313 5457
1829 5458
1441 5459
57 5460
5419 5461
2556 5462
2683 5463
3222 5464
4488 5465
2840 5466
1215 5467
2256 5468
3210 5469
4030 5470
5177 5471
807 5472
436 5473
1016 5474
3479 5475
297 5476
2782 5477
232 5478
1188 5479
661 5480
4500 5481
2473 5482
3823 5483
1410 5484
413 5485
1656 5486
3051 5487
990 5488
827 5489
1349 5490
1456 5491
1603 5492
939 5493
2023 5494
144 5495
3555 5496
3762 5497
5028 5498
4546 5499
3054 5500
183 5501
450 5502
3126 5503
1712 5504
4853 5505
4130 5506
3906 5507
2335 5508
662 5509
2060 5510
1757 5511
1555 5512
2311 5513
352 5514
3690 5515
817 5516
3658 5517
2437 5518
4524 5519
307 5520
3922 5521
3368 5522
3060 5523
1765 5524
912 5525
3992 5526
553 5527
4873 5528
4806 5529
778 5530
3969 5531
1805 5532
2000 5533
44 5534
2083 5535
2551 5536
3349 5537
4063 5538
1134 5539
2958 5540
3172 5541
5451 5542
2204 5543
2279 5544
2423 5545
3028 5546
4225 5547
2336 5548
1124 5549
3655 5550
3169 5551
4028 5552
175 5553
3330 5554
4897 5555
3485 5556
4079 5557
402 5558
5497 5559
2391 5560
1561 5561
3448 5562
838 5563
379 5564
963 5565
3394 5566
2084 5567
2880 5568
3467 5569
2731 5570
1757 5571
591 5572
4496 5573
3545 5574
4040 5575
4162 5576
5224 5577
3003 5578
819 5579
4140 5580
82 5581
4391 5582
2241 5583
5085 5584
4888 5585
1334 5586
3562 5587
1329 5588
2970 5589
4935 5590
2380 5591
2099 5592
1182 5593
189 5594
1879 5595
3571 5596
4048 5597
2812 5598
2405 5599
121 5600
3250 5601
1744 5602
4361 5603
3258 5604
979 5605
1851 5606
1831 5607
606 5608
3894 5609
5134 5610
498 5611
1405 5612
1707 5613
512 5614
2306 5615
3953 5616
985 5617
1382 5618
5612 5619
4085 5620
4483 5621
467 5622
5136 5623
5112 5624
3695 5625
3685 5626
2509 5627
2784 5628
2165 5629
1307 5630
5345 5631
4271 5632
1215 5633
1085 5634
2394 5635
4106 5636
5430 5637
1726 5638
3545 5639
5051 5640
2379 5641
916 5642
3908 5643
4889 5644
5023 5645
4622 5646
826 5647
2 5648
4276 5649
2555 5650
2457 5651
4412 5652
2591 5653
3994 5654
2019 5655
2488 5656
2185 5657
5342 5658
1585 5659
524 5660
1283 5661
5084 5662
5315 5663
3160 5664
3444 5665
3406 5666
2051 5667
4635 5668
2924 5669
4348 5670
2544 5671
5279 5672
1187 5673
4726 5674
4663 5675
2315 5676
4518 5677
1036 5678
1578 5679
4103 5680
193 5681
1832 5682
451 5683
2197 5684
3892 5685
4329 5686
2627 5687
4754 5688
2762 5689
4205 5690
3228 5691
4934 5692
2712 5693
4656 5694
4879 5695
586 5696
2279 5697
3683 5698
1867 5699
4057 5700
1833 5701
4270 5702
1792 5703
411 5704
209 5705
1728 5706
1546 5707
4886 5708
267 5709
1436 5710
5430 5711
3469 5712
5075 5713
1892 5714
5481 5715
1858 5716
5070 5717
219 5718
3049 5719
2974 5720
3315 5721
4599 5722
792 5723
4420 5724
1409 5725
1829 5726
2862 5727
3876 5728
3712 5729
3129 5730
5094 5731
4865 5732
4465 5733
1139 5734
3992 5735
4850 5736
467 5737
3472 5738
4226 5739
2115 5740
4049 5741
3748 5742
4663 5743
2302 5744
556 5745
4392 5746
3 5747
4787 5748
4425 5749
4887 5750
5434 5751
1717 5752
2957 5753
3942 5754
5624 5755
1021 5756
3567 5757
3209 5758
1688 5759
326 5760
126 5761
618 5762
1041 5763
4975 5764
746 5765
666 5766
932 5767
2262 5768
3183 5769
4278 5770
1874 5771
2821 5772
2365 5773
2015 5774
5372 5775
3641 5776
5061 5777
2486 5778
4023 5779
3961 5780
5542 5781
2468 5782
4692 5783
5342 5784
582 5785
4553 5786
2076 5787
1981 5788
4256 5789
1087 5790
3813 5791
3012 5792
385 5793
4820 5794
3121 5795
1878 5796
1962 5797
4381 5798
3634 5799
2742 5800
2941 5801
5329 5802
3527 5803
5389 5804
3067 5805
2809 5806
4576 5807
4166 5808
3086 5809
2719 5810
1854 5811
3164 5812
1805 5813
1845 5814
1072 5815
1285 5816
399 5817
5643 5818
1476 5819
3393 5820
4251 5821
1078 5822
5354 5823
53 5824
1875 5825
600 5826
469 5827
2593 5828
994 5829
1283 5830
878 5831
3532 5832
1549 5833
3367 5834
3581 5835
207 5836
2072 5837
2463 5838
318 5839
248 5840
4266 5841
2312 5842
2909 5843
5335 5844
4265 5845
5720 5846
3600 5847
3433 5848
2850 5849
5461 5850
314 5851
5463 5852
3603 5853
1309 5854
1124 5855
3322 5856
4935 5857
223 5858
5721 5859
372 5860
3965 5861
800 5862
3900 5863
415 5864
3244 5865
4596 5866
1022 5867
441 5868
4950 5869
2004 5870
1276 5871
5671 5872
2839 5873
903 5874
4439 5875
2796 5876
271 5877
4833 5878
4682 5879
113 5880
919 5881
4713 5882
134 5883
4864 5884
5086 5885
3709 5886
3813 5887
4142 5888
706 5889
1219 5890
4972 5891
5660 5892
1155 5893
264 5894
1196 5895
4889 5896
2042 5897
1711 5898
3478 5899
1535 5900
4203 5901
5315 5902
5898 5903
3523 5904
5099 5905
4537 5906
1378 5907
196 5908
3164 5909
5549 5910
3304 5911
2117 5912
2071 5913
891 5914
34 5915
1081 5916
466 5917
5009 5918
2402 5919
1199 5920
615 5921
4021 5922
5427 5923
3519 5924
4076 5925
861 5926
5392 5927
5158 5928
2933 5929
1288 5930
5673 5931
3698 5932
4241 5933
5554 5934
5000 5935
3694 5936
5863 5937
425 5938
2146 5939
1030 5940
2928 5941
4864 5942
3883 5943
4034 5944
2928 5945
2777 5946
1548 5947
601 5948
4067 5949
5352 5950
971 5951
5286 5952
5156 5953
1730 5954
1762 5955
3932 5956
5802 5957
2578 5958
3438 5959
1482 5960
5396 5961
4039 5962
3046 5963
4910 5964
4128 5965
2165 5966
825 5967
243 5968
2875 5969
1311 5970
5628 5971
1480 5972
3339 5973
4462 5974
258 5975
4987 5976
4918 5977
5530 5978
5694 5979
1540 5980
44 5981
5363 5982
4756 5983
2997 5984
4656 5985
911 5986
1494 5987
3127 5988
2555 5989
5858 5990
2736 5991
2371 5992
2665 5993
5967 5994
105 5995
1333 5996
5008 5997
4974 5998
226 5999
2225 6000
1807 6001
3545 6002
1127 6003
179 6004
5076 6005
5705 6006
3537 6007
4760 6008
1084 6009
5475 6010
58 6011
4200 6012
5524 6013
3024 6014
3216 6015
2180 6016
1767 6017
5337 6018
4469 6019
1056 6020
2525 6021
217 6022
712 6023
5285 6024
2831 6025
2403 6026
1755 6027
519 6028
3553 6029
2496 6030
5479 6031
2022 6032
5434 6033
123 6034
5176 6035
2596 6036
1696 6037
5549 6038
5063 6039
2260 6040
1411 6041
5909 6042
5645 6043
5052 6044
5549 6045
2677 6046
3688 6047
3039 6048
1832 6049
2686 6050
3080 6051
2782 6052
1433 6053
4386 6054
2239 6055
2070 6056
4594 6057
5799 6058
3206 6059
3258 6060
6043 6061
889 6062
1122 6063
2194 6064
2695 6065
5521 6066
3640 6067
3103 6068
427 6069
3451 6070
5568 6071
4866 6072
5648 6073
2451 6074
5045 6075
3216 6076
55 6077
5605 6078
2910 6079
687 6080
1214 6081
5912 6082
4232 6083
234 6084
4975 6085
787 6086
2561 6087
5502 6088
4797 6089
986 6090
2419 6091
5811 6092
4673 6093
3339 6094
1288 6095
1949 6096
1319 6097
2842 6098
3194 6099
887 6100
1183 6101
4612 6102
2763 6103
3938 6104
77 6105
2527 6106
472 6107
5238 6108
1713 6109
1869 6110
2319 6111
4986 6112
4112 6113
916 6114
3945 6115
273 6116
4212 6117
1103 6118
2964 6119
2408 6120
3229 6121
5148 6122
2364 6123
1934 6124
4216 6125
2866 6126
1426 6127
3743 6128
3000 6129
3080 6130
847 6131
490 6132
2637 6133
876 6134
374 6135
116 6136
5062 6137
4650 6138
3894 6139
6017 6140
5429 6141
3926 6142
771 6143
1161 6144
2557 6145
216 6146
2032 6147
444 6148
3689 6149
4362 6150
5883 6151
5602 6152
829 6153
967 6154
3015 6155
75 6156
5264 6157
5346 6158
2900 6159
3196 6160
2650 6161
689 6162
4464 6163
4068 6164
3613 6165
616 6166
500 6167
1035 6168
5616 6169
3636 6170
1773 6171
4147 6172
4171 6173
649 6174
4530 6175
2179 6176
4119 6177
2423 6178
950 6179
4434 6180
5345 6181
4055 6182
1178 6183
4505 6184
4867 6185
3728 6186
4499 6187
169 6188
509 6189
1115 6190
5842 6191
2127 6192
1854 6193
3817 6194
3936 6195
451 6196
6108 6197
5836 6198
101 6199
5913 6200
192 6201
1835 6202
1285 6203
1386 6204
2239 6205
3392 6206
4048 6207
5846 6208
5734 6209
5565 6210
1077 6211
3189 6212
4551 6213
2480 6214
4372 6215
2707 6216
3462 6217
2955 6218
2074 6219
346 6220
5948 6221
5325 6222
5276 6223
407 6224
4008 6225
5529 6226
1360 6227
4362 6228
5743 6229
1216 6230
3394 6231
5962 6232
6170 6233
445 6234
124 6235
400 6236
6095 6237
574 6238
1703 6239
1970 6240
2259 6241
4885 6242
4668 6243
5709 6244
1157 6245
2120 6246
2997 6247
5097 6248
5599 6249
2929 6250
2640 6251
3346 6252
1679 6253
5518 6254
3217 6255
6 6256
5578 6257
4351 6258
3637 6259
360 6260
3574 6261
4839 6262
4217 6263
629 6264
3157 6265
100 6266
5320 6267
612 6268
480 6269
1743 6270
5514 6271
2800 6272
361 6273
2490 6274
4822 6275
875 6276
5387 6277
104 6278
1271 6279
624 6280
2862 6281
1154 6282
2602 6283
5876 6284
3998 6285
597 6286
6008 6287
2920 6288
3695 6289
4058 6290
4252 6291
6007 6292
4195 6293
2026 6294
2028 6295
5486 6296
4313 6297
2137 6298
1583 6299
2289 6300
1253 6301
4497 6302
414 6303
2571 6304
4033 6305
1879 6306
1143 6307
376 6308
5691 6309
1798 6310
2558 6311
726 6312
2550 6313
4395 6314
4449 6315
5014 6316
564 6317
6220 6318
3011 6319
2902 6320
1990 6321
4698 6322
2441 6323
2091 6324
3039 6325
5402 6326
5359 6327
4182 6328
5755 6329
5496 6330
3846 6331
3580 6332
4588 6333
1070 6334
2836 6335
1188 6336
2506 6337
45 6338
4745 6339
3124 6340
5953 6341
6015 6342
2089 6343
6042 6344
2927 6345
2127 6346
37 6347
4964 6348
2436 6349
4758 6350
1791 6351
4443 6352
1596 6353
4229 6354
102 6355
1223 6356
3104 6357
4214 6358
5680 6359
3897 6360
5150 6361
4748 6362
1741 6363
585 6364
4702 6365
5292 6366
2475 6367
2048 6368
2301 6369
2882 6370
2863 6371
1841 6372
354 6373
4975 6374
2725 6375
6321 6376
2210 6377
6117 6378
387 6379
3111 6380
2811 6381
3788 6382
342 6383
3096 6384
3777 6385
1875 6386
3508 6387
2433 6388
4621 6389
2156 6390
201 6391
1825 6392
1233 6393
3110 6394
2596 6395
3888 6396
248 6397
3582 6398
2077 6399
5858 6400
2249 6401
3141 6402
6199 6403
2391 6404
2353 6405
2761 6406
13 6407
2400 6408
2382 6409
6343 6410
3960 6411
1208 6412
4534 6413
5394 6414
5636 6415
1106 6416
130 6417
6351 6418
4920 6419
4384 6420
2987 6421
6130 6422
2084 6423
4770 6424
910 6425
332 6426
1929 6427
2472 6428
4132 6429
324 6430
417 6431
5513 6432
2801 6433
4104 6434
3276 6435
3832 6436
4168 6437
3693 6438
1550 6439
4219 6440
1765 6441
5055 6442
1268 6443
6430 6444
5027 6445
6058 6446
1246 6447
5749 6448
4986 6449
1770 6450
4401 6451
2032 6452
1360 6453
3337 6454
3803 6455
3972 6456
3783 6457
3095 6458
1779 6459
2325 6460
6141 6461
391 6462
6395 6463
427 6464
5543 6465
3499 6466
4044 6467
5795 6468
4883 6469
2046 6470
92 6471
3524 6472
1040 6473
1815 6474
3275 6475
4408 6476
5715 6477
775 6478
4909 6479
1621 6480
1677 6481
4469 6482
3730 6483
1694 6484
5452 6485
6127 6486
5632 6487
1556 6488
1584 6489
4118 6490
59 6491
6242 6492
2822 6493
4058 6494
3127 6495
6102 6496
1987 6497
3612 6498
3355 6499
493 6500
1045 6501
1823 6502
4076 6503
3157 6504
3818 6505
896 6506
4025 6507
4757 6508
3746 6509
1663 6510
3286 6511
5106 6512
898 6513
5304 6514
3137 6515
4894 6516
367 6517
335 6518
5730 6519
1718 6520
2856 6521
3080 6522
2129 6523
75 6524
2963 6525
5329 6526
4020 6527
5307 6528
5912 6529
1352 6530
5494 6531
1725 6532
1055 6533
2216 6534
1952 6535
609 6536
3774 6537
5807 6538
772 6539
4316 6540
843 6541
196 6542
1274 6543
1612 6544
93 6545
4654 6546
1520 6547
5222 6548
711 6549
5125 6550
5347 6551
5011 6552
3075 6553
6131 6554
1757 6555
2227 6556
1953 6557
6039 6558
3349 6559
852 6560
3822 6561
6422 6562
2930 6563
5891 6564
6188 6565
272 6566
3652 6567
901 6568
4208 6569
1497 6570
3609 6571
842 6572
6291 6573
4088 6574
2102 6575
374 6576
1671 6577
5472 6578
4666 6579
5408 6580
508 6581
3399 6582
450 6583
699 6584
1234 6585
6093 6586
2928 6587
3034 6588
932 6589
5182 6590
612 6591
4277 6592
3841 6593
1893 6594
5149 6595
766 6596
243 6597
3282 6598
375 6599
4216 6600
6333 6601
4945 6602
538 6603
2671 6604
5034 6605
2816 6606
3300 6607
6207 6608
3399 6609
2434 6610
649 6611
879 6612
3898 6613
1280 6614
3777 6615
5085 6616
3973 6617
4258 6618
1057 6619
4931 6620
4843 6621
812 6622
5679 6623
4014 6624
716 6625
3366 6626
6009 6627
6619 6628
4600 6629
2451 6630
3733 6631
3542 6632
1713 6633
6270 6634
5501 6635
6195 6636
162 6637
881 6638
620 6639
4966 6640
2510 6641
1848 6642
5932 6643
4189 6644
5655 6645
2520 6646
975 6647
5735 6648
4533 6649
1535 6650
878 6651
4051 6652
5186 6653
3096 6654
5319 6655
2899 6656
3578 6657
4739 6658
5953 6659
5049 6660
6150 6661
4829 6662
452 6663
5558 6664
4365 6665
3595 6666
2455 6667
6587 6668
1976 6669
3080 6670
570 6671
291 6672
4954 6673
4324 6674
3996 6675
6390 6676
1985 6677
5835 6678
6099 6679
5597 6680
6333 6681
3912 6682
5783 6683
565 6684
3165 6685
3155 6686
2083 6687
5264 6688
1515 6689
3847 6690
4715 6691
1443 6692
839 6693
3934 6694
936 6695
5619 6696
1787 6697
2780 6698
4064 6699
6459 6700
4039 6701
6591 6702
5158 6703
399 6704
1175 6705
4678 6706
3171 6707
2269 6708
1013 6709
6061 6710
127 6711
4624 6712
2709 6713
6557 6714
5452 6715
4534 6716
5440 6717
1130 6718
6501 6719
3183 6720
5014 6721
1910 6722
4259 6723
6481 6724
2498 6725
5102 6726
505 6727
2681 6728
2135 6729
2723 6730
4804 6731
6451 6732
2325 6733
5834 6734
4478 6735
6542 6736
6463 6737
2374 6738
3300 6739
4563 6740
3917 6741
1694 6742
5620 6743
1167 6744
6555 6745
682 6746
289 6747
1135 6748
1701 6749
634 6750
4978 6751
2600 6752
1319 6753
1374 6754
5855 6755
5442 6756
3779 6757
712 6758
3375 6759
3230 6760
4309 6761
871 6762
5957 6763
3446 6764
2544 6765
5506 6766
2698 6767
2031 6768
21 6769
1411 6770
1909 6771
2272 6772
3430 6773
209 6774
1715 6775
2205 6776
1671 6777
3499 6778
4721 6779
1980 6780
2686 6781
5247 6782
2070 6783
311 6784
380 6785
435 6786
1903 6787
4841 6788
4490 6789
1456 6790
5141 6791
1542 6792
981 6793
769 6794
6048 6795
4977 6796
4611 6797
1227 6798
53 6799
1355 6800
595 6801
3060 6802
3576 6803
3850 6804
3672 6805
5719 6806
1332 6807
6552 6808
3666 6809
4185 6810
449 6811
5567 6812
4323 6813
3656 6814
3935 6815
3771 6816
3191 6817
6800 6818
4621 6819
4575 6820
4531 6821
6378 6822
4677 6823
924 6824
2461 6825
2449 6826
6012 6827
422 6828
2998 6829
4764 6830
5501 6831
6526 6832
4705 6833
874 6834
4224 6835
6147 6836
2646 6837
6586 6838
5189 6839
2363 6840
2921 6841
4972 6842
1344 6843
3566 6844
552 6845
4113 6846
5794 6847
1579 6848
325 6849
4481 6850
3697 6851
4337 6852
3209 6853
757 6854
3958 6855
2804 6856
2145 6857
6239 6858
6048 6859
1098 6860
3897 6861
4478 6862
3439 6863
4302 6864
2883 6865
4066 6866
6317 6867
3943 6868
3566 6869
3390 6870
4356 6871
4460 6872
3138 6873
4900 6874
5578 6875
6352 6876
6658 6877
5907 6878
5946 6879
2663 6880
5558 6881
3626 6882
5217 6883
4262 6884
4080 6885
5409 6886
149 6887
1434 6888
5033 6889
1161 6890
1896 6891
1792 6892
4311 6893
1772 6894
3130 6895
4107 6896
5239 6897
4862 6898
2982 6899
5127 6900
1578 6901
5751 6902
2244 6903
3355 6904
3483 6905
5046 6906
6247 6907
6236 6908
3945 6909
3668 6910
1772 6911
643 6912
6578 6913
4545 6914
2991 6915
6187 6916
3151 6917
5588 6918
5758 6919
791 6920
5437 6921
3350 6922
395 6923
4189 6924
5551 6925
3846 6926
4663 6927
1252 6928
1507 6929
3760 6930
1230 6931
5657 6932
2950 6933
2283 6934
3824 6935
3567 6936
2890 6937
3654 6938
1588 6939
1976 6940
6562 6941
725 6942
4710 6943
3543 6944
6666 6945
3853 6946
5352 6947
1757 6948
4915 6949
5577 6950
4245 6951
1224 6952
752 6953
3255 6954
6592 6955
432 6956
2182 6957
5912 6958
1858 6959
520 6960
1770 6961
5619 6962
1930 6963
3177 6964
6067 6965
1753 6966
4360 6967
517 6968
5589 6969
3838 6970
5050 6971
6905 6972
620 6973
4250 6974
4425 6975
2731 6976
387 6977
86 6978
4617 6979
725 6980
18 6981
4309 6982
5952 6983
1712 6984
1007 6985
4304 6986
2049 6987
2057 6988
6101 6989
6754 6990
1346 6991
1538 6992
6983 6993
2811 6994
98 6995
1059 6996
137 6997
839 6998
3139 6999
3593 7000
1170 7001
3548 7002
2692 7003
6560 7004
5596 7005
3315 7006
3925 7007
3669 7008
4562 7009
2896 7010
1330 7011
1087 7012
5362 7013
1149 7014
6496 7015
3804 7016
3157 7017
5852 7018
2352 7019
4746 7020
5900 7021
862 7022
6831 7023
5577 7024
5595 7025
6010 7026
1963 7027
445 7028
429 7029
5525 7030
2210 7031
1271 7032
3816 7033
1931 7034
4888 7035
6832 7036
6406 7037
2435 7038
25 7039
3625 7040
1430 7041
2540 7042
696 7043
5070 7044
5390 7045
477 7046
3016 7047
327 7048
4988 7049
5371 7050
4497 7051
5457 7052
7031 7053
3303 7054
3966 7055
2377 7056
4614 7057
2840 7058
2954 7059
2926 7060
6711 7061
2724 7062
511 7063
1449 7064
5895 7065
5274 7066
346 7067
5636 7068
6228 7069
7001 7070
5049 7071
1273 7072
1458 7073
3058 7074
3834 7075
2305 7076
177 7077
335 7078
1548 7079
2605 7080
3857 7081
5315 7082
5863 7083
1387 7084
2442 7085
3577 7086
6381 7087
3943 7088
4079 7089
2021 7090
5955 7091
6523 7092
3276 7093
5067 7094
845 7095
6487 7096
545 7097
2714 7098
4820 7099
2042 7100
6987 7101
5378 7102
520 7103
2764 7104
3497 7105
1944 7106
5059 7107
5662 7108
2935 7109
5113 7110
2197 7111
3174 7112
5402 7113
2467 7114
2324 7115
1826 7116
2960 7117
2916 7118
3694 7119
4128 7120
4591 7121
5552 7122
420 7123
5453 7124
8 7125
5569 7126
6226 7127
7054 7128
3270 7129
71 7130
4109 7131
3174 7132
5387 7133
2918 7134
1758 7135
4550 7136
2023 7137
3200 7138
4602 7139
1234 7140
335 7141
6220 7142
1973 7143
3933 7144
7050 7145
5659 7146
1062 7147
3265 7148
1935 7149
2105 7150
6852 7151
2096 7152
6998 7153
5020 7154
2465 7155
3577 7156
6119 7157
3940 7158
2218 7159
3013 7160
5164 7161
1710 7162
2418 7163
2978 7164
4619 7165
5623 7166
1501 7167
4579 7168
1746 7169
1831 7170
3791 7171
755 7172
1758 7173
191 7174
2479 7175
5016 7176
429 7177
6522 7178
3556 7179
5450 7180
350 7181
4436 7182
5305 7183
6137 7184
5535 7185
2205 7186
2428 7187
5459 7188
49 7189
1022 7190
5904 7191
672 7192
7145 7193
6403 7194
5321 7195
4534 7196
2158 7197
1570 7198
313 7199
4380 7200
431 7201
5479 7202
6128 7203
1968 7204
5596 7205
2939 7206
3778 7207
1037 7208
6065 7209
6667 7210
553 7211
3524 7212
1914 7213
5894 7214
663 7215
5124 7216
1267 7217
2543 7218
3648 7219
2491 7220
6577 7221
4734 7222
9 7223
4886 7224
4626 7225
2234 7226
788 7227
1290 7228
4204 7229
2896 7230
6269 7231
5730 7232
2820 7233
1212 7234
3137 7235
899 7236
4185 7237
3070 7238
3473 7239
401 7240
6614 7241
5943 7242
3702 7243
3634 7244
1308 7245
374 7246
545 7247
2988 7248
7043 7249
6413 7250
7033 7251
1063 7252
2676 7253
1647 7254
386 7255
1971 7256
7071 7257
1405 7258
2136 7259
2874 7260
964 7261
493 7262
257 7263
1055 7264
6840 7265
2608 7266
2717 7267
98 7268
5530 7269
3427 7270
7113 7271
146 7272
2770 7273
1225 7274
2051 7275
2917 7276
3735 7277
3929 7278
4355 7279
2135 7280
932 7281
4638 7282
3062 7283
7253 7284
122 7285
4644 7286
1544 7287
1541 7288
3477 7289
4583 7290
1830 7291
3970 7292
121 7293
2835 7294
1357 7295
4670 7296
6390 7297
1485 7298
6934 7299
6449 7300
3234 7301
3342 7302
1809 7303
3952 7304
3717 7305
4858 7306
6604 7307
1288 7308
5228 7309
4694 7310
3070 7311
1458 7312
5348 7313
5090 7314
6116 7315
4107 7316
6069 7317
3797 7318
4360 7319
102 7320
6066 7321
3288 7322
2731 7323
5023 7324
4471 7325
2161 7326
7005 7327
4852 7328
7078 7329
4041 7330
3560 7331
5235 7332
4262 7333
1083 7334
3731 7335
4233 7336
2629 7337
702 7338
4567 7339
6824 7340
1920 7341
1548 7342
6277 7343
4271 7344
5803 7345
3391 7346
246 7347
2930 7348
5115 7349
6028 7350
3136 7351
5997 7352
6198 7353
409 7354
6718 7355
1153 7356
320 7357
140 7358
1359 7359
3171 7360
49 7361
430 7362
3302 7363
5000 7364
2297 7365
1368 7366
5417 7367
2159 7368
7090 7369
5103 7370
4595 7371
2873 7372
1914 7373
5955 7374
2247 7375
3366 7376
2985 7377
5096 7378
4779 7379
2469 7380
4147 7381
3638 7382
637 7383
7022 7384
5909 7385
1168 7386
6435 7387
3047 7388
4451 7389
4190 7390
5424 7391
7033 7392
378 7393
3817 7394
5569 7395
1515 7396
6541 7397
1670 7398
740 7399
6405 7400
4410 7401
629 7402
7352 7403
3463 7404
1790 7405
6435 7406
4295 7407
1837 7408
2684 7409
3041 7410
1020 7411
7249 7412
89 7413
5267 7414
3044 7415
622 7416
3650 7417
5087 7418
1993 7419
970 7420
7086 7421
3213 7422
5611 7423
7261 7424
1430 7425
6828 7426
4606 7427
7087 7428
3244 7429
6883 7430
3250 7431
2644 7432
6222 7433
665 7434
4856 7435
1950 7436
967 7437
3691 7438
3725 7439
746 7440
4801 7441
1866 7442
6950 7443
1480 7444
3697 7445
1230 7446
2185 7447
73 7448
1119 7449
4247 7450
550 7451
3339 7452
4442 7453
3084 7454
6006 7455
4365 7456
5504 7457
2422 7458
3607 7459
386 7460
293 7461
2671 7462
3213 7463
1794 7464
6495 7465
1807 7466
665 7467
1816 7468
6065 7469
601 7470
3593 7471
1251 7472
6669 7473
2664 7474
3497 7475
800 7476
1912 7477
2519 7478
6207 7479
3689 7480
6253 7481
2083 7482
7134 7483
5634 7484
312 7485
513 7486
604 7487
7029 7488
53 7489
5207 7490
6734 7491
5786 7492
5096 7493
3862 7494
5295 7495
5473 7496
6379 7497
4697 7498
559 7499
6125 7500
6771 7501
2688 7502
2276 7503
5041 7504
3541 7505
1845 7506
4900 7507
5893 7508
93 7509
3625 7510
3844 7511
1507 7512
1762 7513
1746 7514
6725 7515
2203 7516
3593 7517
3410 7518
2226 7519
5652 7520
1720 7521
1551 7522
7222 7523
1332 7524
6543 7525
6535 7526
6070 7527
1251 7528
3393 7529
309 7530
1797 7531
2335 7532
5240 7533
3744 7534
6084 7535
1054 7536
4538 7537
3461 7538
6096 7539
969 7540
5898 7541
378 7542
3514 7543
2943 7544
4583 7545
2283 7546
7067 7547
4662 7548
2414 7549
5741 7550
3696 7551
3158 7552
745 7553
2414 7554
6147 7555
3189 7556
7106 7557
6065 7558
6803 7559
1506 7560
1971 7561
803 7562
3483 7563
2742 7564
4348 7565
5736 7566
3119 7567
2560 7568
2276 7569
1686 7570
2391 7571
931 7572
2857 7573
5689 7574
4386 7575
3401 7576
574 7577
6634 7578
1990 7579
4388 7580
7121 7581
4678 7582
570 7583
221 7584
4562 7585
7363 7586
5085 7587
4637 7588
7057 7589
4019 7590
5340 7591
1955 7592
1129 7593
2689 7594
1201 7595
4125 7596
2920 7597
6920 7598
772 7599
3766 7600
3977 7601
5203 7602
71 7603
21 7604
6078 7605
4927 7606
2207 7607
5354 7608
6131 7609
6940 7610
3285 7611
6217 7612
5324 7613
5582 7614
6782 7615
6913 7616
551 7617
5342 7618
508 7619
4409 7620
5496 7621
6747 7622
1347 7623
5484 7624
1107 7625
1727 7626
5726 7627
4407 7628
1354 7629
1073 7630
1861 7631
3796 7632
4954 7633
1252 7634
4752 7635
3499 7636
3878 7637
3523 7638
2250 7639
3530 7640
6858 7641
3594 7642
3045 7643
3626 7644
754 7645
5956 7646
4889 7647
5022 7648
3855 7649
4685 7650
4066 7651
807 7652
3087 7653
7331 7654
410 7655
7522 7656
3960 7657
475 7658
4664 7659
4216 7660
5847 7661
5610 7662
1356 7663
3833 7664
4514 7665
2722 7666
4439 7667
7318 7668
717 7669
873 7670
5541 7671
2099 7672
2496 7673
5828 7674
3420 7675
5061 7676
7122 7677
5938 7678
393 7679
3554 7680
6656 7681
6764 7682
4012 7683
5917 7684
2791 7685
3564 7686
541 7687
5315 7688
1865 7689
153 7690
2557 7691
3365 7692
4451 7693
2727 7694
2474 7695
4221 7696
6103 7697
5438 7698
7667 7699
5676 7700
1113 7701
504 7702
4071 7703
7643 7704
5655 7705
1431 7706
4113 7707
6466 7708
7566 7709
1075 7710
5941 7711
6051 7712
1096 7713
6953 7714
1043 7715
6511 7716
7682 7717
1668 7718
7410 7719
874 7720
1816 7721
1109 7722
2056 7723
6467 7724
6680 7725
4792 7726
4201 7727
7375 7728
5143 7729
282 7730
5828 7731
386 7732
2624 7733
7346 7734
1977 7735
6261 7736
6523 7737
6909 7738
5486 7739
2225 7740
7414 7741
5126 7742
5654 7743
2141 7744
5988 7745
3468 7746
5737 7747
1673 7748
4512 7749
929 7750
7207 7751
1748 7752
2097 7753
549 7754
7669 7755
5452 7756
1124 7757
1205 7758
6856 7759
4282 7760
5126 7761
4605 7762
2298 7763
3473 7764
3139 7765
2978 7766
7282 7767
808 7768
7456 7769
1027 7770
2645 7771
159 7772
5265 7773
1300 7774
5530 7775
6629 7776
4700 7777
4851 7778
3624 7779
1976 7780
4647 7781
2672 7782
926 7783
6126 7784
3276 7785
288 7786
5914 7787
105 7788
4188 7789
1395 7790
7210 7791
4726 7792
882 7793
669 7794
7530 7795
4370 7796
448 7797
6530 7798
5894 7799
5055 7800
1677 7801
5687 7802
2877 7803
3531 7804
7565 7805
5990 7806
4445 7807
6676 7808
3721 7809
6207 7810
6704 7811
670 7812
5386 7813
4902 7814
1938 7815
844 7816
6978 7817
311 7818
1785 7819
192 7820
7178 7821
6328 7822
6114 7823
7051 7824
88 7825
4302 7826
2538 7827
3276 7828
2921 7829
2479 7830
1545 7831
460 7832
2200 7833
5297 7834
1322 7835
966 7836
6912 7837
2798 7838
7730 7839
1242 7840
2123 7841
4293 7842
4935 7843
1020 7844
4025 7845
270 7846
6789 7847
3660 7848
2147 7849
4906 7850
4387 7851
7016 7852
7730 7853
4193 7854
6753 7855
3784 7856
5897 7857
1008 7858
2941 7859
4662 7860
669 7861
4304 7862
6870 7863
946 7864
5263 7865
1411 7866
841 7867
5570 7868
3864 7869
683 7870
4904 7871
2274 7872
7855 7873
6330 7874
3580 7875
6284 7876
765 7877
343 7878
1294 7879
2859 7880
7534 7881
2857 7882
172 7883
662 7884
423 7885
4684 7886
598 7887
3966 7888
7676 7889
4764 7890
2848 7891
735 7892
1979 7893
4091 7894
3726 7895
7829 7896
3494 7897
2179 7898
5793 7899
4853 7900
5931 7901
2149 7902
896 7903
2976 7904
1076 7905
7594 7906
2761 7907
3916 7908
3935 7909
7065 7910
862 7911
1360 7912
1010 7913
6289 7914
3767 7915
3866 7916
318 7917
5840 7918
2264 7919
665 7920
6242 7921
7691 7922
5543 7923
2057 7924
4729 7925
1865 7926
7087 7927
4702 7928
6486 7929
5271 7930
5663 7931
1130 7932
3311 7933
2462 7934
7933 7935
6928 7936
4680 7937
1356 7938
4435 7939
4956 7940
786 7941
4000 7942
3297 7943
1000 7944
7478 7945
181 7946
3447 7947
5439 7948
48 7949
2351 7950
2133 7951
2415 7952
5570 7953
3681 7954
307 7955
3287 7956
6574 7957
3870 7958
7600 7959
6348 7960
7066 7961
3443 7962
96 7963
7052 7964
2273 7965
6043 7966
6262 7967
4470 7968
2973 7969
3312 7970
7065 7971
5937 7972
3389 7973
696 7974
36 7975
162 7976
4541 7977
3177 7978
7896 7979
6335 7980
4674 7981
1984 7982
6041 7983
477 7984
4291 7985
6810 7986
607 7987
4963 7988
3524 7989
7804 7990
786 7991
2576 7992
6161 7993
235 7994
1446 7995
2112 7996
3863 7997
6505 7998
5213 7999
5932 8000
6042 8001
3301 8002
2923 8003
6858 8004
7563 8005
2288 8006
3261 8007
1756 8008
1305 8009
2893 8010
6849 8011
5605 8012
5379 8013
5156 8014
7812 8015
3589 8016
2092 8017
7189 8018
1484 8019
7453 8020
2124 8021
7458 8022
6239 8023
6179 8024
1923 8025
1662 8026
587 8027
287 8028
3530 8029
6676 8030
7761 8031
2837 8032
4029 8033
730 8034
2540 8035
8032 8036
4849 8037
2407 8038
892 8039
3782 8040
2961 8041
5776 8042
7998 8043
5543 8044
3733 8045
6309 8046
2581 8047
6483 8048
2237 8049
1482 8050
5470 8051
7759 8052
7409 8053
5928 8054
6076 8055
7186 8056
3267 8057
3928 8058
5966 8059
1604 8060
558 8061
7382 8062
3061 8063
4136 8064
7386 8065
2028 8066
2135 8067
5329 8068
5735 8069
7381 8070
7179 8071
2902 8072
3940 8073
1415 8074
280 8075
3062 8076
4548 8077
1490 8078
6910 8079
6968 8080
152 8081
5905 8082
6677 8083
3357 8084
7882 8085
2386 8086
3051 8087
3164 8088
7042 8089
6865 8090
426 8091
1506 8092
7187 8093
7012 8094
510 8095
4083 8096
7719 8097
5211 8098
7940 8099
62 8100
165 8101
606 8102
5857 8103
7474 8104
5050 8105
4160 8106
2872 8107
631 8108
1726 8109
3684 8110
5210 8111
7823 8112
5802 8113
1005 8114
7476 8115
3025 8116
7948 8117
2012 8118
659 8119
4201 8120
6926 8121
1558 8122
943 8123
1133 8124
7904 8125
1389 8126
3144 8127
6423 8128
7842 8129
4195 8130
2158 8131
2136 8132
8084 8133
4890 8134
333 8135
5561 8136
1344 8137
332 8138
7979 8139
2111 8140
6667 8141
3549 8142
5108 8143
5984 8144
1530 8145
4914 8146
6861 8147
572 8148
1685 8149
7511 8150
1530 8151
2524 8152
5050 8153
6837 8154
7881 8155
4788 8156
2613 8157
5380 8158
3927 8159
1674 8160
1120 8161
1997 8162
4275 8163
223 8164
1075 8165
7941 8166
61 8167
1131 8168
6953 8169
3089 8170
3263 8171
4128 8172
4420 8173
7932 8174
6986 8175
5718 8176
2195 8177
7640 8178
2915 8179
4325 8180
7661 8181
6801 8182
5187 8183
3396 8184
3568 8185
7702 8186
3939 8187
220 8188
3923 8189
4761 8190
4807 8191
3430 8192
2506 8193
7358 8194
4393 8195
3607 8196
179 8197
4358 8198
6722 8199
2719 8200
1936 8201
7660 8202
5041 8203
1986 8204
5933 8205
3809 8206
3213 8207
3582 8208
845 8209
6694 8210
3051 8211
4834 8212
3194 8213
2001 8214
2366 8215
78 8216
246 8217
3571 8218
6002 8219
1705 8220
1286 8221
7660 8222
512 8223
4935 8224
2209 8225
5668 8226
6984 8227
414 8228
5972 8229
2600 8230
6628 8231
1417 8232
6906 8233
6126 8234
5256 8235
5429 8236
7322 8237
6865 8238
2090 8239
3668 8240
765 8241
3846 8242
2606 8243
5622 8244
5882 8245
6806 8246
3731 8247
7353 8248
3879 8249
6414 8250
6048 8251
378 8252
2819 8253
7659 8254
2285 8255
5203 8256
7267 8257
2610 8258
7225 8259
7707 8260
6465 8261
3283 8262
794 8263
4301 8264
1021 8265
6838 8266
127 8267
6698 8268
7850 8269
3336 8270
4697 8271
6084 8272
3489 8273
4312 8274
6791 8275
4842 8276
2749 8277
1610 8278
4693 8279
8042 8280
5630 8281
8072 8282
1566 8283
7814 8284
502 8285
7635 8286
4336 8287
5047 8288
2514 8289
1408 8290
6229 8291
572 8292
6937 8293
7069 8294
2860 8295
1180 8296
1716 8297
2687 8298
6992 8299
5764 8300
1964 8301
2258 8302
3494 8303
3954 8304
3147 8305
1988 8306
8044 8307
3245 8308
3800 8309
3605 8310
3771 8311
1403 8312
1687 8313
3750 8314
4076 8315
525 8316
5059 8317
4540 8318
2592 8319
3610 8320
1203 8321
4148 8322
890 8323
5882 8324
1084 8325
5329 8326
4636 8327
6224 8328
5097 8329
5742 8330
6042 8331
2603 8332
5005 8333
772 8334
1737 8335
2343 8336
6224 8337
687 8338
6870 8339
2909 8340
4239 8341
7919 8342
3919 8343
5766 8344
3677 8345
965 8346
2003 8347
8261 8348
2650 8349
5952 8350
2108 8351
5528 8352
2109 8353
673 8354
6480 8355
5918 8356
2191 8357
2741 8358
1107 8359
666 8360
5580 8361
5417 8362
6994 8363
7951 8364
8253 8365
5017 8366
1385 8367
4745 8368
5027 8369
6422 8370
2052 8371
522 8372
1560 8373
6705 8374
1168 8375
6329 8376
1180 8377
2108 8378
1990 8379
200 8380
1610 8381
3327 8382
4231 8383
3055 8384
7624 8385
4064 8386
4415 8387
6007 8388
3005 8389
6087 8390
3001 8391
5060 8392
1930 8393
4090 8394
31 8395
6804 8396
6276 8397
2597 8398
8249 8399
6809 8400
958 8401
2407 8402
267 8403
1015 8404
3980 8405
6265 8406
303 8407
118 8408
6071 8409
6269 8410
3582 8411
7212 8412
1976 8413
2500 8414
1443 8415
2784 8416
990 8417
735 8418
2827 8419
3515 8420
7595 8421
753 8422
2546 8423
1 8424
4780 8425
1186 8426
1085 8427
3046 8428
6079 8429
2774 8430
4562 8431
3111 8432
401 8433
3579 8434
2157 8435
7859 8436
1885 8437
5718 8438
2948 8439
778 8440
1815 8441
2723 8442
8088 8443
3843 8444
5733 8445
6763 8446
1442 8447
8366 8448
6413 8449
1968 8450
4829 8451
2388 8452
3406 8453
8204 8454
6869 8455
57 8456
7436 8457
8313 8458
531 8459
1671 8460
5463 8461
7140 8462
2659 8463
1673 8464
2099 8465
257 8466
4900 8467
2572 8468
6048 8469
3764 8470
6773 8471
5502 8472
5426 8473
4546 8474
5817 8475
6568 8476
2324 8477
3422 8478
7985 8479
7803 8480
368 8481
595 8482
4251 8483
7101 8484
7615 8485
3159 8486
715 8487
660 8488
2034 8489
2663 8490
8063 8491
4217 8492
1781 8493
3936 8494
5740 8495
8345 8496
2634 8497
939 8498
5341 8499
5012 8500
3842 8501
541 8502
2405 8503
2241 8504
683 8505
886 8506
4701 8507
2747 8508
3608 8509
6592 8510
7230 8511
2993 8512
4216 8513
5725 8514
1987 8515
310 8516
5931 8517
5440 8518
530 8519
2279 8520
5180 8521
63 8522
4810 8523
2951 8524
1386 8525
4750 8526
4545 8527
6558 8528
5922 8529
1433 8530
5722 8531
3954 8532
3670 8533
4615 8534
8261 8535
6153 8536
2507 8537
8294 8538
6422 8539
3891 8540
5613 8541
4856 8542
4103 8543
5742 8544
3702 8545
976 8546
5734 8547
1189 8548
3559 8549
1845 8550
6509 8551
3232 8552
705 8553
4152 8554
1922 8555
6528 8556
3124 8557
2369 8558
4874 8559
5470 8560
3136 8561
1385 8562
1116 8563
5632 8564
2151 8565
6556 8566
3010 8567
6259 8568
271 8569
818 8570
7692 8571
5566 8572
7041 8573
7694 8574
2981 8575
1200 8576
5673 8577
692 8578
5072 8579
1359 8580
5287 8581
8312 8582
4394 8583
2370 8584
4051 8585
1393 8586
812 8587
3328 8588
1261 8589
4921 8590
8554 8591
6562 8592
513 8593
2674 8594
6662 8595
7341 8596
2506 8597
2183 8598
7934 8599
5794 8600
5804 8601
1972 8602
8215 8603
4323 8604
2565 8605
6588 8606
3305 8607
8003 8608
7658 8609
564 8610
8445 8611
6768 8612
7670 8613
6633 8614
5166 8615
3288 8616
7492 8617
805 8618
8464 8619
6665 8620
2178 8621
5932 8622
1297 8623
2968 8624
6972 8625
560 8626
3780 8627
2173 8628
7770 8629
5900 8630
1777 8631
7897 8632
4259 8633
3439 8634
1408 8635
2776 8636
8130 8637
897 8638
65 8639
1965 8640
3421 8641
6428 8642
4653 8643
8380 8644
300 8645
3354 8646
5605 8647
4552 8648
8421 8649
6981 8650
7685 8651
7624 8652
5008 8653
2669 8654
5183 8655
2589 8656
6310 8657
7412 8658
8439 8659
4488 8660
4339 8661
6417 8662
4699 8663
3865 8664
6735 8665
1873 8666
7636 8667
6325 8668
6427 8669
910 8670
2302 8671
1658 8672
4835 8673
2141 8674
2873 8675
7825 8676
6791 8677
5029 8678
1810 8679
5791 8680
4921 8681
7823 8682
6723 8683
4685 8684
3317 8685
5136 8686
8204 8687
3239 8688
3346 8689
2197 8690
8411 8691
1427 8692
5904 8693
3336 8694
592 8695
5766 8696
322 8697
5748 8698
5243 8699
40 8700
2689 8701
5058 8702
3418 8703
3770 8704
690 8705
8702 8706
6638 8707
6433 8708
5183 8709
3772 8710
3687 8711
4753 8712
7376 8713
6723 8714
2358 8715
102 8716
5214 8717
5979 8718
5633 8719
7750 8720
4945 8721
2776 8722
5270 8723
906 8724
2368 8725
256 8726
2178 8727
2076 8728
2090 8729
4844 8730
4498 8731
664 8732
7444 8733
1247 8734
5722 8735
7335 8736
8005 8737
5501 8738
5947 8739
2885 8740
2539 8741
3318 8742
6404 8743
3294 8744
2406 8745
8736 8746
149 8747
3780 8748
6669 8749
1895 8750
7510 8751
4336 8752
1475 8753
6803 8754
5076 8755
2214 8756
2357 8757
2091 8758
1923 8759
313 8760
1053 8761
4034 8762
1832 8763
4491 8764
3539 8765
2863 8766
606 8767
8031 8768
1708 8769
3812 8770
5812 8771
5843 8772
3476 8773
6044 8774
75 8775
1514 8776
7647 8777
2246 8778
326 8779
7596 8780
4764 8781
4919 8782
1524 8783
1802 8784
4870 8785
7134 8786
8024 8787
1037 8788
8735 8789
2224 8790
2007 8791
1661 8792
116 8793
7129 8794
8212 8795
547 8796
5948 8797
3325 8798
1716 8799
3357 8800
4152 8801
6581 8802
345 8803
6231 8804
5282 8805
6457 8806
118 8807
4630 8808
1735 8809
1353 8810
2212 8811
8085 8812
1975 8813
4364 8814
5584 8815
5847 8816
8058 8817
3782 8818
5378 8819
7910 8820
3017 8821
5442 8822
264 8823
5929 8824
1129 8825
370 8826
3285 8827
960 8828
461 8829
3180 8830
6748 8831
8074 8832
6458 8833
5665 8834
2383 8835
4217 8836
147 8837
259 8838
1471 8839
5317 8840
2595 8841
836 8842
7716 8843
7715 8844
6265 8845
1082 8846
2948 8847
7785 8848
255 8849
2676 8850
3361 8851
2790 8852
5315 8853
4571 8854
2829 8855
2649 8856
7577 8857
6969 8858
7417 8859
5005 8860
388 8861
8562 8862
1895 8863
5517 8864
4947 8865
5719 8866
2598 8867
2371 8868
4794 8869
262 8870
5844 8871
553 8872
7708 8873
8743 8874
5505 8875
3371 8876
6967 8877
2074 8878
6979 8879
3372 8880
2177 8881
4860 8882
7416 8883
2586 8884
901 8885
2289 8886
5809 8887
548 8888
1986 8889
5103 8890
7595 8891
5219 8892
1255 8893
3514 8894
7848 8895
6584 8896
2363 8897
261 8898
5002 8899
2382 8900
8229 8901
867 8902
5144 8903
8618 8904
2647 8905
88 8906
7826 8907
4788 8908
2542 8909
6775 8910
2227 8911
354 8912
8841 8913
554 8914
7777 8915
8708 8916
8843 8917
8738 8918
3491 8919
5935 8920
6132 8921
5182 8922
1011 8923
8761 8924
6664 8925
1028 8926
221 8927
8099 8928
2738 8929
7039 8930
7452 8931
8171 8932
1525 8933
1836 8934
4670 8935
1968 8936
1472 8937
7672 8938
6422 8939
4638 8940
4025 8941
256 8942
8543 8943
1253 8944
7161 8945
7839 8946
8852 8947
794 8948
1193 8949
2651 8950
7758 8951
5412 8952
6062 8953
3249 8954
453 8955
7517 8956
2860 8957
2638 8958
4065 8959
7985 8960
4247 8961
8456 8962
1869 8963
4216 8964
3974 8965
931 8966
6209 8967
5176 8968
6810 8969
1145 8970
444 8971
4135 8972
3584 8973
1562 8974
2017 8975
7438 8976
4275 8977
4550 8978
4262 8979
8280 8980
1784 8981
4508 8982
2662 8983
7084 8984
4446 8985
229 8986
755 8987
249 8988
5980 8989
5876 8990
207 8991
6380 8992
3277 8993
5819 8994
6154 8995
1144 8996
1980 8997
6238 8998
3278 8999
6335 9000
1052 9001
6502 9002
3605 9003
3926 9004
6798 9005
1893 9006
3516 9007
5490 9008
2180 9009
8527 9010
3893 9011
4410 9012
2978 9013
1119 9014
686 9015
2227 9016
261 9017
6818 9018
7293 9019
2898 9020
3985 9021
6030 9022
8171 9023
3138 9024
1906 9025
1671 9026
8706 9027
3812 9028
2304 9029
2533 9030
331 9031
8873 9032
8372 9033
7499 9034
6794 9035
1262 9036
3730 9037
4988 9038
8617 9039
3182 9040
4419 9041
2539 9042
6071 9043
7504 9044
1991 9045
935 9046
6615 9047
2897 9048
8327 9049
7548 9050
4465 9051
8282 9052
188 9053
7152 9054
1142 9055
8977 9056
3177 9057
8424 9058
1010 9059
4730 9060
6992 9061
6995 9062
1248 9063
6702 9064
7996 9065
423 9066
233 9067
4091 9068
2393 9069
5568 9070
2683 9071
5474 9072
7062 9073
5848 9074
1389 9075
8494 9076
4479 9077
7598 9078
3127 9079
6563 9080
3723 9081
3339 9082
3312 9083
727 9084
4597 9085
7762 9086
7931 9087
5105 9088
1430 9089
1326 9090
344 9091
1339 9092
772 9093
4823 9094
7521 9095
8108 9096
1168 9097
773 9098
5500 9099
1547 9100
6148 9101
3774 9102
7407 9103
6979 9104
3751 9105
8705 9106
5527 9107
854 9108
6877 9109
6220 9110
7368 9111
7523 9112
8616 9113
5197 9114
20 9115
6870 9116
5251 9117
6528 9118
71 9119
4764 9120
8899 9121
3099 9122
2317 9123
8092 9124
3310 9125
7866 9126
6049 9127
2091 9128
3680 9129
3313 9130
199 9131
2297 9132
8275 9133
905 9134
8754 9135
1048 9136
4847 9137
4255 9138
3730 9139
465 9140
4951 9141
5775 9142
8295 9143
3341 9144
2919 9145
2128 9146
3005 9147
4271 9148
7399 9149
3976 9150
4184 9151
7371 9152
7296 9153
1532 9154
5390 9155
3245 9156
7379 9157
399 9158
9141 9159
2216 9160
814 9161
6432 9162
7820 9163
6848 9164
4861 9165
6981 9166
4729 9167
1679 9168
4007 9169
7781 9170
2947 9171
2196 9172
5133 9173
8863 9174
5524 9175
1957 9176
3551 9177
3796 9178
1586 9179
1153 9180
8530 9181
4712 9182
5882 9183
6728 9184
600 9185
245 9186
8816 9187
7124 9188
8595 9189
6318 9190
7319 9191
3735 9192
1803 9193
3311 9194
1728 9195
1322 9196
3235 9197
2499 9198
4382 9199
8769 9200
7561 9201
1844 9202
1956 9203
7843 9204
6313 9205
4993 9206
6035 9207
8734 9208
6970 9209
1025 9210
7129 9211
8579 9212
1393 9213
5250 9214
7472 9215
4009 9216
8418 9217
8755 9218
5982 9219
8589 9220
5984 9221
4794 9222
565 9223
4941 9224
5974 9225
1335 9226
2661 9227
4811 9228
9161 9229
650 9230
768 9231
7134 9232
2695 9233
1523 9234
8544 9235
8237 9236
1453 9237
8901 9238
3419 9239
3465 9240
5504 9241
5817 9242
9032 9243
5448 9244
5888 9245
7734 9246
9128 9247
5497 9248
3925 9249
3442 9250
1235 9251
4910 9252
7894 9253
5099 9254
8749 9255
7017 9256
3718 9257
2710 9258
130 9259
685 9260
4317 9261
7531 9262
8110 9263
596 9264
3675 9265
5106 9266
9067 9267
7387 9268
1270 9269
6480 9270
6150 9271
4163 9272
8022 9273
5450 9274
4231 9275
1312 9276
8228 9277
68 9278
8718 9279
8779 9280
3100 9281
5567 9282
734 9283
3927 9284
3613 9285
8 9286
8140 9287
2907 9288
3937 9289
7662 9290
3487 9291
4444 9292
4241 9293
8540 9294
4730 9295
7556 9296
3535 9297
4606 9298
4661 9299
7488 9300
3852 9301
1436 9302
3151 9303
5283 9304
3735 9305
3923 9306
936 9307
4797 9308
148 9309
7972 9310
8487 9311
2060 9312
7280 9313
6634 9314
6380 9315
7602 9316
3164 9317
8968 9318
3725 9319
4417 9320
3775 9321
1866 9322
3020 9323
2996 9324
3767 9325
3970 9326
3408 9327
2923 9328
3942 9329
9232 9330
2872 9331
4101 9332
321 9333
2081 9334
4595 9335
7187 9336
8947 9337
4254 9338
9044 9339
9129 9340
6133 9341
508 9342
6919 9343
5661 9344
8911 9345
4050 9346
4822 9347
8830 9348
2238 9349
2389 9350
629 9351
7690 9352
5447 9353
1061 9354
3148 9355
3824 9356
4433 9357
603 9358
3725 9359
6614 9360
4027 9361
4939 9362
5270 9363
6482 9364
6530 9365
5819 9366
868 9367
5186 9368
2521 9369
3079 9370
2015 9371
7598 9372
5868 9373
484 9374
1255 9375
250 9376
8002 9377
4471 9378
8594 9379
682 9380
5333 9381
5841 9382
8157 9383
62 9384
6113 9385
8353 9386
3711 9387
5227 9388
1071 9389
5557 9390
8272 9391
7823 9392
7987 9393
8673 9394
392 9395
6541 9396
5052 9397
4568 9398
7283 9399
2967 9400
8053 9401
7459 9402
7970 9403
4535 9404
6272 9405
2884 9406
2249 9407
5679 9408
9309 9409
3814 9410
967 9411
2423 9412
6113 9413
8086 9414
5982 9415
7901 9416
8928 9417
6068 9418
8064 9419
8321 9420
3917 9421
5476 9422
3272 9423
910 9424
2910 9425
3594 9426
6641 9427
4168 9428
3155 9429
8879 9430
9188 9431
8688 9432
292 9433
5477 9434
745 9435
3646 9436
5839 9437
4083 9438
7529 9439
6507 9440
5264 9441
586 9442
9342 9443
3927 9444
8900 9445
866 9446
8431 9447
3287 9448
4284 9449
8716 9450
3286 9451
2619 9452
1315 9453
2651 9454
6697 9455
6708 9456
827 9457
3707 9458
8841 9459
427 9460
1032 9461
2188 9462
6147 9463
3694 9464
2411 9465
2294 9466
9463 9467
6637 9468
9054 9469
2213 9470
1280 9471
7460 9472
7065 9473
2477 9474
1061 9475
4491 9476
5160 9477
7718 9478
5412 9479
3867 9480
96 9481
4749 9482
2993 9483
1810 9484
5391 9485
5096 9486
4031 9487
2740 9488
7455 9489
3495 9490
6547 9491
7094 9492
6957 9493
3634 9494
8403 9495
6226 9496
2656 9497
6614 9498
2206 9499
7727 9500
2355 9501
2472 9502
1530 9503
7115 9504
7851 9505
8786 9506
7953 9507
3784 9508
1889 9509
8356 9510
3455 9511
1174 9512
9027 9513
7563 9514
1775 9515
378 9516
8526 9517
7016 9518
7770 9519
4871 9520
5426 9521
1476 9522
2859 9523
5729 9524
5756 9525
6609 9526
1856 9527
7785 9528
9454 9529
5 9530
7740 9531
2623 9532
1519 9533
8185 9534
3571 9535
2947 9536
8911 9537
5203 9538
2341 9539
4464 9540
661 9541
6033 9542
6439 9543
5287 9544
8295 9545
7409 9546
3051 9547
3487 9548
3099 9549
9332 9550
77 9551
7443 9552
8906 9553
3761 9554
6598 9555
8482 9556
1175 9557
6175 9558
9188 9559
6339 9560
5248 9561
3224 9562
5085 9563
7682 9564
3171 9565
2612 9566
3238 9567
5466 9568
6972 9569
7709 9570
7557 9571
4739 9572
5798 9573
6675 9574
7459 9575
3376 9576
3942 9577
9541 9578
5535 9579
6950 9580
9385 9581
3081 9582
2625 9583
2503 9584
6892 9585
5968 9586
8041 9587
2507 9588
8940 9589
3811 9590
4565 9591
5393 9592
7642 9593
9052 9594
2168 9595
6561 9596
759 9597
7252 9598
3828 9599
1336 9600
9411 9601
7705 9602
7319 9603
1212 9604
4705 9605
2052 9606
8322 9607
5864 9608
6022 9609
3766 9610
5674 9611
2718 9612
6765 9613
2019 9614
4443 9615
6933 9616
2139 9617
6895 9618
130 9619
3958 9620
6022 9621
4610 9622
7260 9623
7335 9624
8234 9625
6200 9626
454 9627
5654 9628
2093 9629
4656 9630
7243 9631
7882 9632
3551 9633
1036 9634
7791 9635
3978 9636
2766 9637
7318 9638
5514 9639
4787 9640
830 9641
2325 9642
4379 9643
6889 9644
2551 9645
259 9646
3173 9647
8032 9648
6501 9649
9382 9650
2635 9651
7004 9652
4408 9653
604 9654
1363 9655
3749 9656
9210 9657
2456 9658
8525 9659
3955 9660
6698 9661
198 9662
9165 9663
2244 9664
4716 9665
2530 9666
4059 9667
380 9668
7981 9669
6524 9670
7647 9671
8453 9672
2050 9673
3697 9674
8760 9675
6757 9676
5796 9677
7083 9678
8450 9679
9380 9680
3832 9681
8837 9682
3526 9683
4643 9684
5556 9685
6632 9686
4255 9687
3497 9688
5917 9689
4618 9690
6393 9691
2112 9692
2713 9693
3405 9694
8724 9695
9591 9696
7616 9697
4702 9698
5406 9699
5285 9700
7082 9701
6636 9702
7912 9703
6802 9704
3585 9705
1000 9706
5041 9707
5448 9708
1322 9709
7976 9710
1876 9711
9356 9712
1852 9713
2103 9714
497 9715
4376 9716
8092 9717
1625 9718
2645 9719
6134 9720
3243 9721
4069 9722
1622 9723
4131 9724
997 9725
6985 9726
1509 9727
7382 9728
6973 9729
515 9730
8741 9731
5714 9732
102 9733
3835 9734
9181 9735
840 9736
2249 9737
3968 9738
4333 9739
8574 9740
2770 9741
505 9742
9494 9743
6108 9744
480 9745
9002 9746
2133 9747
2334 9748
1813 9749
3032 9750
2139 9751
7741 9752
7982 9753
8913 9754
2888 9755
4807 9756
1466 9757
2895 9758
7134 9759
3156 9760
4215 9761
8378 9762
3537 9763
2222 9764
9556 9765
6682 9766
2574 9767
6619 9768
8543 9769
227 9770
3301 9771
8186 9772
757 9773
3729 9774
23 9775
5089 9776
8633 9777
4711 9778
2979 9779
7850 9780
8131 9781
5486 9782
1323 9783
9496 9784
8445 9785
1801 9786
536 9787
8334 9788
7922 9789
2177 9790
9500 9791
7906 9792
3369 9793
1364 9794
8791 9795
5384 9796
8240 9797
1056 9798
8440 9799
9060 9800
8513 9801
275 9802
8365 9803
1928 9804
2658 9805
8333 9806
6553 9807
9245 9808
4654 9809
5396 9810
501 9811
443 9812
8171 9813
4372 9814
3691 9815
5820 9816
852 9817
9289 9818
1447 9819
4518 9820
484 9821
6543 9822
7904 9823
6372 9824
4010 9825
243 9826
4227 9827
6201 9828
3211 9829
5614 9830
3585 9831
5099 9832
6282 9833
1095 9834
5793 9835
3441 9836
4983 9837
9031 9838
4552 9839
6241 9840
9137 9841
3254 9842
8240 9843
767 9844
3292 9845
3730 9846
7242 9847
5725 9848
4165 9849
2555 9850
2729 9851
8628 9852
4170 9853
5944 9854
7841 9855
1767 9856
7682 9857
6829 9858
3853 9859
7096 9860
3702 9861
7514 9862
1896 9863
4217 9864
7959 9865
8590 9866
1585 9867
7783 9868
9515 9869
293 9870
505 9871
4194 9872
492 9873
705 9874
9458 9875
9086 9876
4224 9877
8025 9878
4385 9879
2730 9880
4630 9881
1605 9882
4820 9883
6633 9884
9621 9885
2973 9886
7622 9887
1461 9888
9647 9889
9236 9890
1431 9891
8187 9892
256 9893
2404 9894
9543 9895
472 9896
4106 9897
2158 9898
6920 9899
1509 9900
7832 9901
342 9902
8100 9903
5155 9904
9239 9905
1128 9906
2676 9907
1327 9908
9683 9909
4280 9910
210 9911
2621 9912
4999 9913
7245 9914
7524 9915
3784 9916
4763 9917
4818 9918
2058 9919
8345 9920
3578 9921
7211 9922
1362 9923
7271 9924
9574 9925
4530 9926
8145 9927
8251 9928
4553 9929
6440 9930
142 9931
3706 9932
6270 9933
3234 9934
8652 9935
3419 9936
763 9937
9332 9938
7550 9939
3825 9940
5155 9941
4565 9942
3718 9943
3608 9944
7206 9945
3465 9946
9259 9947
3434 9948
7915 9949
5697 9950
1532 9951
4347 9952
2794 9953
394 9954
2598 9955
9419 9956
9928 9957
4618 9958
1953 9959
7447 9960
1338 9961
9300 9962
9684 9963
4422 9964
6130 9965
832 9966
2668 9967
1041 9968
8426 9969
7169 9970
9653 9971
9308 9972
4023 9973
6696 9974
5844 9975
1962 9976
4377 9977
7815 9978
7692 9979
6696 9980
6914 9981
1265 9982
1858 9983
814 9984
4379 9985
1460 9986
2096 9987
1081 9988
1990 9989
4641 9990
2243 9991
8505 9992
4506 9993
5302 9994
9477 9995
5730 9996
6789 9997
8230 9998
2184 9999
2637 10000
