5000
1 2
2 3
3 4
4 5
4 6
4 7
3 8
8 9
8 10
1 11
1 12
4 13
5 14
13 15
15 16
4 17
17 18
8 19
8 20
17 21
6 22
18 23
22 24
10 25
18 26
1 27
23 28
8 29
4 30
26 31
21 32
20 33
25 34
3 35
32 36
8 37
24 38
19 39
32 40
27 41
6 42
18 43
37 44
36 45
8 46
39 47
1 48
4 49
35 50
47 51
29 52
39 53
4 54
44 55
16 56
36 57
48 58
20 59
19 60
48 61
13 62
55 63
5 64
44 65
64 66
64 67
31 68
51 69
66 70
59 71
53 72
17 73
8 74
57 75
46 76
47 77
72 78
69 79
40 80
17 81
41 82
69 83
32 84
56 85
3 86
32 87
58 88
54 89
40 90
64 91
39 92
49 93
20 94
21 95
47 96
95 97
25 98
85 99
30 100
93 101
98 102
41 103
40 104
86 105
13 106
53 107
93 108
63 109
70 110
50 111
32 112
45 113
14 114
93 115
78 116
50 117
3 118
116 119
18 120
84 121
35 122
83 123
33 124
6 125
79 126
40 127
115 128
5 129
69 130
82 131
68 132
112 133
99 134
112 135
7 136
66 137
55 138
25 139
47 140
45 141
69 142
28 143
67 144
68 145
100 146
31 147
97 148
148 149
33 150
125 151
14 152
148 153
74 154
38 155
10 156
99 157
18 158
20 159
41 160
91 161
121 162
11 163
41 164
140 165
127 166
131 167
43 168
9 169
27 170
93 171
18 172
156 173
91 174
96 175
26 176
130 177
126 178
117 179
151 180
162 181
4 182
162 183
169 184
70 185
80 186
136 187
173 188
15 189
186 190
109 191
80 192
163 193
185 194
101 195
132 196
191 197
36 198
198 199
85 200
20 201
9 202
13 203
36 204
193 205
71 206
182 207
143 208
52 209
25 210
14 211
44 212
52 213
63 214
169 215
104 216
207 217
14 218
61 219
142 220
138 221
4 222
116 223
130 224
69 225
223 226
83 227
81 228
14 229
190 230
6 231
5 232
136 233
34 234
31 235
173 236
184 237
155 238
228 239
67 240
141 241
193 242
88 243
192 244
184 245
243 246
166 247
89 248
199 249
77 250
237 251
141 252
39 253
66 254
43 255
183 256
113 257
147 258
250 259
252 260
136 261
251 262
118 263
152 264
231 265
239 266
175 267
244 268
8 269
264 270
225 271
41 272
163 273
24 274
75 275
190 276
242 277
60 278
114 279
199 280
59 281
76 282
53 283
5 284
48 285
191 286
247 287
235 288
93 289
286 290
34 291
80 292
138 293
287 294
98 295
219 296
47 297
243 298
272 299
87 300
292 301
140 302
113 303
174 304
253 305
237 306
182 307
281 308
45 309
273 310
33 311
185 312
73 313
105 314
76 315
140 316
11 317
3 318
266 319
196 320
263 321
262 322
99 323
253 324
181 325
269 326
261 327
102 328
320 329
109 330
9 331
131 332
139 333
96 334
51 335
168 336
101 337
284 338
47 339
78 340
317 341
242 342
16 343
135 344
105 345
89 346
199 347
39 348
293 349
152 350
303 351
316 352
53 353
147 354
303 355
18 356
106 357
259 358
271 359
260 360
167 361
302 362
71 363
103 364
234 365
201 366
275 367
193 368
356 369
353 370
248 371
4 372
126 373
143 374
351 375
347 376
355 377
17 378
341 379
147 380
196 381
241 382
85 383
350 384
356 385
265 386
100 387
97 388
340 389
112 390
314 391
353 392
3 393
116 394
130 395
257 396
375 397
397 398
168 399
199 400
375 401
265 402
186 403
238 404
86 405
102 406
224 407
105 408
52 409
196 410
9 411
221 412
406 413
407 414
176 415
207 416
193 417
155 418
387 419
278 420
341 421
24 422
102 423
47 424
251 425
234 426
156 427
346 428
8 429
369 430
379 431
208 432
354 433
280 434
356 435
435 436
213 437
116 438
312 439
434 440
355 441
384 442
157 443
247 444
299 445
114 446
231 447
86 448
5 449
365 450
390 451
207 452
342 453
258 454
281 455
441 456
219 457
194 458
268 459
302 460
325 461
217 462
133 463
265 464
279 465
172 466
86 467
60 468
337 469
433 470
32 471
13 472
456 473
94 474
200 475
216 476
352 477
173 478
380 479
296 480
388 481
89 482
133 483
58 484
370 485
342 486
30 487
414 488
364 489
400 490
41 491
16 492
140 493
355 494
458 495
13 496
457 497
148 498
434 499
124 500
254 501
338 502
342 503
458 504
458 505
493 506
92 507
379 508
134 509
472 510
115 511
307 512
342 513
244 514
161 515
319 516
216 517
381 518
11 519
9 520
31 521
148 522
350 523
373 524
363 525
401 526
73 527
270 528
301 529
365 530
205 531
330 532
345 533
239 534
395 535
155 536
236 537
260 538
466 539
418 540
229 541
452 542
381 543
112 544
431 545
451 546
247 547
31 548
379 549
524 550
259 551
240 552
328 553
355 554
84 555
155 556
353 557
416 558
538 559
262 560
82 561
415 562
204 563
3 564
445 565
554 566
282 567
3 568
2 569
554 570
544 571
128 572
229 573
123 574
207 575
238 576
550 577
120 578
238 579
10 580
463 581
504 582
36 583
151 584
549 585
521 586
586 587
476 588
18 589
339 590
159 591
297 592
182 593
109 594
526 595
340 596
523 597
222 598
296 599
213 600
312 601
252 602
183 603
192 604
329 605
580 606
326 607
394 608
140 609
469 610
164 611
263 612
390 613
334 614
172 615
379 616
456 617
166 618
450 619
434 620
484 621
274 622
237 623
43 624
162 625
153 626
70 627
516 628
423 629
430 630
405 631
521 632
117 633
392 634
302 635
137 636
363 637
71 638
487 639
511 640
540 641
555 642
419 643
140 644
291 645
78 646
293 647
549 648
230 649
196 650
604 651
78 652
211 653
474 654
268 655
274 656
177 657
26 658
339 659
69 660
483 661
284 662
563 663
271 664
607 665
182 666
595 667
262 668
3 669
313 670
624 671
652 672
126 673
472 674
156 675
56 676
353 677
369 678
644 679
157 680
16 681
593 682
416 683
354 684
512 685
520 686
603 687
42 688
477 689
561 690
16 691
415 692
686 693
38 694
440 695
432 696
552 697
512 698
482 699
288 700
265 701
606 702
392 703
307 704
133 705
172 706
419 707
301 708
159 709
329 710
367 711
274 712
214 713
308 714
243 715
693 716
511 717
574 718
207 719
695 720
461 721
640 722
207 723
74 724
515 725
65 726
75 727
313 728
520 729
45 730
296 731
415 732
216 733
106 734
37 735
275 736
178 737
313 738
213 739
78 740
402 741
74 742
254 743
571 744
704 745
672 746
726 747
541 748
728 749
370 750
634 751
733 752
196 753
614 754
476 755
53 756
700 757
176 758
362 759
161 760
37 761
10 762
428 763
214 764
3 765
541 766
343 767
218 768
127 769
83 770
769 771
318 772
740 773
8 774
589 775
571 776
360 777
352 778
288 779
135 780
527 781
49 782
436 783
533 784
645 785
425 786
253 787
19 788
129 789
97 790
273 791
443 792
264 793
395 794
572 795
41 796
124 797
427 798
692 799
186 800
164 801
683 802
63 803
402 804
174 805
327 806
298 807
153 808
498 809
511 810
409 811
432 812
509 813
618 814
11 815
108 816
768 817
515 818
576 819
278 820
708 821
762 822
314 823
367 824
86 825
406 826
274 827
420 828
49 829
735 830
360 831
115 832
361 833
654 834
316 835
535 836
453 837
243 838
600 839
367 840
329 841
323 842
381 843
232 844
3 845
112 846
524 847
452 848
35 849
640 850
812 851
297 852
419 853
188 854
801 855
450 856
316 857
127 858
471 859
417 860
428 861
664 862
464 863
318 864
493 865
671 866
812 867
790 868
395 869
775 870
287 871
763 872
865 873
442 874
188 875
684 876
730 877
649 878
513 879
37 880
831 881
434 882
751 883
871 884
30 885
88 886
392 887
355 888
167 889
413 890
621 891
389 892
8 893
335 894
445 895
49 896
196 897
45 898
106 899
354 900
559 901
395 902
327 903
275 904
292 905
496 906
702 907
769 908
755 909
110 910
224 911
67 912
73 913
27 914
187 915
100 916
831 917
400 918
154 919
386 920
316 921
599 922
749 923
650 924
552 925
883 926
618 927
356 928
802 929
12 930
739 931
197 932
229 933
889 934
597 935
191 936
753 937
513 938
460 939
237 940
514 941
488 942
625 943
892 944
11 945
65 946
793 947
795 948
711 949
784 950
172 951
253 952
802 953
221 954
670 955
151 956
226 957
281 958
309 959
778 960
396 961
370 962
123 963
621 964
445 965
536 966
486 967
783 968
529 969
743 970
284 971
943 972
559 973
510 974
57 975
86 976
255 977
474 978
92 979
797 980
295 981
185 982
314 983
153 984
852 985
767 986
233 987
284 988
126 989
954 990
643 991
36 992
427 993
452 994
908 995
378 996
893 997
635 998
621 999
353 1000
646 1001
612 1002
436 1003
702 1004
268 1005
805 1006
324 1007
318 1008
145 1009
710 1010
451 1011
641 1012
127 1013
178 1014
747 1015
696 1016
953 1017
633 1018
134 1019
933 1020
155 1021
694 1022
355 1023
893 1024
257 1025
608 1026
332 1027
319 1028
220 1029
828 1030
592 1031
539 1032
478 1033
460 1034
288 1035
1020 1036
393 1037
828 1038
689 1039
826 1040
524 1041
578 1042
488 1043
581 1044
835 1045
1013 1046
374 1047
58 1048
181 1049
644 1050
351 1051
514 1052
324 1053
558 1054
1021 1055
307 1056
109 1057
994 1058
847 1059
464 1060
580 1061
512 1062
387 1063
912 1064
1015 1065
64 1066
929 1067
1026 1068
884 1069
394 1070
749 1071
990 1072
979 1073
400 1074
293 1075
624 1076
131 1077
697 1078
923 1079
78 1080
301 1081
471 1082
687 1083
677 1084
329 1085
778 1086
808 1087
364 1088
906 1089
670 1090
293 1091
949 1092
108 1093
567 1094
1024 1095
149 1096
420 1097
107 1098
283 1099
881 1100
752 1101
225 1102
795 1103
352 1104
165 1105
218 1106
162 1107
569 1108
551 1109
96 1110
1065 1111
565 1112
552 1113
30 1114
816 1115
445 1116
437 1117
504 1118
282 1119
276 1120
355 1121
349 1122
234 1123
500 1124
1102 1125
390 1126
968 1127
569 1128
1124 1129
507 1130
1091 1131
446 1132
375 1133
1113 1134
515 1135
686 1136
1106 1137
111 1138
671 1139
922 1140
935 1141
660 1142
736 1143
749 1144
42 1145
1044 1146
875 1147
472 1148
751 1149
698 1150
764 1151
223 1152
1017 1153
835 1154
727 1155
629 1156
236 1157
1147 1158
1019 1159
78 1160
683 1161
32 1162
395 1163
87 1164
452 1165
394 1166
1060 1167
1107 1168
899 1169
531 1170
1067 1171
707 1172
1090 1173
578 1174
937 1175
443 1176
763 1177
233 1178
914 1179
744 1180
230 1181
988 1182
702 1183
469 1184
125 1185
1144 1186
379 1187
797 1188
270 1189
888 1190
1124 1191
1129 1192
800 1193
99 1194
1063 1195
159 1196
58 1197
718 1198
728 1199
812 1200
134 1201
942 1202
858 1203
502 1204
441 1205
908 1206
991 1207
617 1208
418 1209
1044 1210
315 1211
916 1212
267 1213
833 1214
310 1215
262 1216
18 1217
417 1218
948 1219
813 1220
1132 1221
1199 1222
654 1223
357 1224
494 1225
508 1226
387 1227
119 1228
57 1229
271 1230
240 1231
763 1232
212 1233
229 1234
1092 1235
636 1236
370 1237
137 1238
1085 1239
769 1240
1141 1241
332 1242
118 1243
1224 1244
1134 1245
348 1246
690 1247
294 1248
213 1249
771 1250
144 1251
1034 1252
879 1253
31 1254
1227 1255
572 1256
1203 1257
90 1258
341 1259
735 1260
549 1261
569 1262
874 1263
1084 1264
284 1265
703 1266
831 1267
3 1268
912 1269
531 1270
1245 1271
896 1272
68 1273
5 1274
661 1275
767 1276
335 1277
221 1278
228 1279
164 1280
278 1281
528 1282
570 1283
882 1284
749 1285
211 1286
328 1287
1151 1288
808 1289
597 1290
1064 1291
1160 1292
200 1293
263 1294
876 1295
1036 1296
581 1297
1157 1298
802 1299
484 1300
340 1301
743 1302
1031 1303
32 1304
600 1305
1055 1306
840 1307
976 1308
1065 1309
221 1310
205 1311
789 1312
671 1313
602 1314
61 1315
503 1316
1190 1317
729 1318
1142 1319
257 1320
752 1321
803 1322
328 1323
234 1324
1177 1325
543 1326
1281 1327
148 1328
1020 1329
690 1330
623 1331
1011 1332
908 1333
481 1334
375 1335
682 1336
1165 1337
400 1338
17 1339
300 1340
822 1341
628 1342
875 1343
435 1344
211 1345
372 1346
980 1347
805 1348
638 1349
1259 1350
684 1351
974 1352
683 1353
73 1354
1039 1355
183 1356
434 1357
477 1358
88 1359
1317 1360
471 1361
1258 1362
53 1363
1008 1364
1168 1365
1336 1366
257 1367
867 1368
1011 1369
798 1370
641 1371
1184 1372
1338 1373
758 1374
672 1375
619 1376
282 1377
730 1378
622 1379
1181 1380
547 1381
887 1382
697 1383
1000 1384
673 1385
1042 1386
640 1387
888 1388
82 1389
171 1390
1072 1391
1294 1392
1106 1393
805 1394
904 1395
1218 1396
851 1397
1122 1398
256 1399
1124 1400
1183 1401
223 1402
271 1403
658 1404
723 1405
230 1406
1006 1407
180 1408
781 1409
692 1410
824 1411
1266 1412
451 1413
492 1414
40 1415
520 1416
674 1417
763 1418
435 1419
659 1420
603 1421
976 1422
1322 1423
1089 1424
259 1425
1422 1426
428 1427
1374 1428
120 1429
1007 1430
764 1431
49 1432
1094 1433
274 1434
40 1435
660 1436
911 1437
456 1438
905 1439
944 1440
109 1441
333 1442
1408 1443
689 1444
83 1445
88 1446
1047 1447
1375 1448
1125 1449
960 1450
61 1451
175 1452
540 1453
365 1454
57 1455
309 1456
1321 1457
847 1458
905 1459
304 1460
1377 1461
1263 1462
1002 1463
598 1464
178 1465
660 1466
490 1467
767 1468
655 1469
906 1470
318 1471
773 1472
697 1473
420 1474
411 1475
664 1476
571 1477
1163 1478
503 1479
1319 1480
792 1481
1103 1482
391 1483
519 1484
485 1485
480 1486
1406 1487
516 1488
1180 1489
809 1490
1448 1491
178 1492
381 1493
1170 1494
497 1495
1415 1496
224 1497
1398 1498
711 1499
650 1500
20 1501
1480 1502
1062 1503
792 1504
984 1505
958 1506
893 1507
1275 1508
61 1509
550 1510
1212 1511
272 1512
1195 1513
490 1514
583 1515
560 1516
531 1517
143 1518
1134 1519
377 1520
884 1521
1164 1522
467 1523
145 1524
620 1525
1324 1526
831 1527
763 1528
108 1529
1387 1530
808 1531
1331 1532
404 1533
1145 1534
405 1535
469 1536
1125 1537
624 1538
1061 1539
587 1540
588 1541
407 1542
1179 1543
140 1544
1519 1545
1004 1546
736 1547
1028 1548
1383 1549
96 1550
1470 1551
1242 1552
968 1553
978 1554
380 1555
464 1556
298 1557
455 1558
1341 1559
1465 1560
1541 1561
811 1562
509 1563
318 1564
29 1565
1449 1566
1267 1567
502 1568
741 1569
277 1570
1267 1571
385 1572
1337 1573
216 1574
506 1575
954 1576
354 1577
795 1578
583 1579
880 1580
236 1581
1322 1582
1279 1583
259 1584
113 1585
730 1586
220 1587
163 1588
1088 1589
248 1590
1129 1591
65 1592
798 1593
1458 1594
1488 1595
807 1596
920 1597
934 1598
719 1599
340 1600
334 1601
147 1602
1347 1603
710 1604
518 1605
929 1606
197 1607
197 1608
1360 1609
1026 1610
1446 1611
53 1612
432 1613
1599 1614
652 1615
394 1616
28 1617
1600 1618
995 1619
194 1620
222 1621
1379 1622
1442 1623
908 1624
1501 1625
632 1626
890 1627
937 1628
49 1629
1604 1630
637 1631
874 1632
1027 1633
1578 1634
1453 1635
49 1636
1321 1637
387 1638
621 1639
154 1640
1453 1641
665 1642
1218 1643
1153 1644
1344 1645
504 1646
244 1647
79 1648
170 1649
1029 1650
1490 1651
777 1652
1311 1653
554 1654
1083 1655
167 1656
308 1657
129 1658
1130 1659
1234 1660
668 1661
1017 1662
1169 1663
578 1664
304 1665
60 1666
1098 1667
641 1668
1475 1669
842 1670
397 1671
1547 1672
906 1673
852 1674
547 1675
1513 1676
418 1677
1667 1678
1669 1679
1108 1680
565 1681
1679 1682
560 1683
1608 1684
1029 1685
1612 1686
721 1687
1558 1688
556 1689
634 1690
253 1691
966 1692
363 1693
712 1694
243 1695
1093 1696
1371 1697
1646 1698
505 1699
1121 1700
1280 1701
172 1702
828 1703
1482 1704
160 1705
213 1706
690 1707
1144 1708
921 1709
405 1710
411 1711
557 1712
1203 1713
183 1714
1535 1715
384 1716
856 1717
394 1718
1201 1719
1373 1720
952 1721
625 1722
1584 1723
1680 1724
70 1725
1302 1726
1041 1727
1448 1728
72 1729
755 1730
881 1731
194 1732
347 1733
655 1734
1029 1735
952 1736
592 1737
475 1738
170 1739
126 1740
159 1741
718 1742
887 1743
398 1744
1575 1745
757 1746
128 1747
517 1748
1643 1749
798 1750
711 1751
489 1752
556 1753
1185 1754
140 1755
482 1756
915 1757
388 1758
603 1759
638 1760
904 1761
838 1762
1003 1763
1603 1764
491 1765
1658 1766
340 1767
395 1768
362 1769
237 1770
512 1771
53 1772
123 1773
1157 1774
1325 1775
17 1776
1285 1777
914 1778
135 1779
715 1780
560 1781
1578 1782
1381 1783
825 1784
1657 1785
723 1786
74 1787
207 1788
1572 1789
1134 1790
1395 1791
1068 1792
1445 1793
1396 1794
1344 1795
1440 1796
1478 1797
1203 1798
1583 1799
1726 1800
97 1801
238 1802
1004 1803
143 1804
50 1805
687 1806
306 1807
1179 1808
449 1809
1065 1810
1326 1811
917 1812
242 1813
188 1814
1772 1815
1500 1816
775 1817
1492 1818
3 1819
915 1820
119 1821
126 1822
763 1823
1399 1824
552 1825
944 1826
1186 1827
1018 1828
1114 1829
1494 1830
1457 1831
785 1832
1328 1833
320 1834
327 1835
1453 1836
1804 1837
645 1838
627 1839
1393 1840
1352 1841
1495 1842
1767 1843
1592 1844
1719 1845
1531 1846
780 1847
1395 1848
1186 1849
1166 1850
1477 1851
133 1852
406 1853
1747 1854
1821 1855
1208 1856
857 1857
1626 1858
589 1859
1811 1860
236 1861
1358 1862
606 1863
297 1864
1783 1865
570 1866
1337 1867
908 1868
1664 1869
1294 1870
1098 1871
153 1872
628 1873
27 1874
990 1875
506 1876
1247 1877
1422 1878
1214 1879
1084 1880
1447 1881
145 1882
530 1883
1041 1884
1165 1885
418 1886
1388 1887
535 1888
1558 1889
1806 1890
165 1891
1553 1892
633 1893
582 1894
1640 1895
1270 1896
1071 1897
807 1898
989 1899
1739 1900
218 1901
1883 1902
108 1903
19 1904
1506 1905
414 1906
51 1907
1333 1908
1576 1909
817 1910
1893 1911
353 1912
15 1913
1070 1914
1716 1915
1017 1916
1196 1917
1533 1918
667 1919
343 1920
946 1921
801 1922
789 1923
1555 1924
1406 1925
225 1926
863 1927
961 1928
704 1929
467 1930
15 1931
1389 1932
1318 1933
1360 1934
1451 1935
1178 1936
829 1937
1517 1938
1836 1939
1069 1940
23 1941
101 1942
584 1943
843 1944
1019 1945
1619 1946
1249 1947
1802 1948
1836 1949
1923 1950
1746 1951
734 1952
1665 1953
1357 1954
1016 1955
1255 1956
701 1957
1748 1958
701 1959
763 1960
1318 1961
861 1962
148 1963
722 1964
221 1965
1048 1966
1895 1967
1837 1968
528 1969
374 1970
533 1971
1479 1972
542 1973
1592 1974
1457 1975
601 1976
535 1977
849 1978
754 1979
1293 1980
216 1981
813 1982
349 1983
241 1984
1617 1985
1289 1986
1355 1987
1885 1988
1837 1989
196 1990
1570 1991
741 1992
1918 1993
207 1994
259 1995
1097 1996
423 1997
1331 1998
287 1999
282 2000
1861 2001
1535 2002
579 2003
1565 2004
1218 2005
562 2006
395 2007
1478 2008
1336 2009
1904 2010
555 2011
75 2012
277 2013
1640 2014
539 2015
1910 2016
30 2017
203 2018
503 2019
1246 2020
480 2021
1883 2022
854 2023
1274 2024
838 2025
155 2026
1192 2027
602 2028
50 2029
956 2030
1796 2031
874 2032
542 2033
109 2034
408 2035
1489 2036
2015 2037
80 2038
36 2039
1724 2040
1679 2041
1885 2042
279 2043
1314 2044
1759 2045
774 2046
1307 2047
1330 2048
1942 2049
1163 2050
1457 2051
1445 2052
1619 2053
1452 2054
1088 2055
606 2056
70 2057
1364 2058
1652 2059
15 2060
1381 2061
257 2062
1501 2063
1595 2064
1526 2065
91 2066
430 2067
455 2068
1697 2069
457 2070
1962 2071
835 2072
290 2073
526 2074
702 2075
1295 2076
956 2077
1515 2078
1039 2079
1661 2080
90 2081
1160 2082
1402 2083
645 2084
179 2085
439 2086
1234 2087
229 2088
882 2089
1370 2090
816 2091
26 2092
578 2093
579 2094
1568 2095
107 2096
1325 2097
484 2098
1393 2099
298 2100
1913 2101
719 2102
1025 2103
1573 2104
71 2105
734 2106
903 2107
1006 2108
1992 2109
1122 2110
324 2111
1675 2112
553 2113
119 2114
991 2115
2060 2116
579 2117
1323 2118
18 2119
1395 2120
76 2121
1880 2122
1161 2123
1040 2124
529 2125
251 2126
127 2127
107 2128
941 2129
1457 2130
1986 2131
1109 2132
1364 2133
971 2134
427 2135
1041 2136
1994 2137
1905 2138
540 2139
1173 2140
309 2141
1984 2142
155 2143
197 2144
709 2145
847 2146
2021 2147
393 2148
1126 2149
829 2150
1000 2151
362 2152
762 2153
222 2154
1959 2155
1474 2156
417 2157
885 2158
879 2159
1827 2160
2057 2161
1585 2162
2121 2163
1758 2164
1225 2165
522 2166
859 2167
2049 2168
743 2169
476 2170
31 2171
777 2172
1820 2173
111 2174
705 2175
1228 2176
711 2177
1287 2178
1188 2179
1199 2180
53 2181
660 2182
1626 2183
2080 2184
355 2185
255 2186
295 2187
516 2188
936 2189
2083 2190
238 2191
294 2192
429 2193
1031 2194
2181 2195
766 2196
160 2197
907 2198
1987 2199
734 2200
849 2201
290 2202
1551 2203
963 2204
1473 2205
1422 2206
686 2207
1607 2208
735 2209
2122 2210
824 2211
2117 2212
910 2213
1524 2214
1007 2215
1830 2216
157 2217
2084 2218
705 2219
1869 2220
1061 2221
878 2222
649 2223
1304 2224
237 2225
343 2226
668 2227
1634 2228
961 2229
1973 2230
651 2231
1394 2232
344 2233
788 2234
155 2235
1812 2236
1698 2237
1156 2238
31 2239
945 2240
1537 2241
719 2242
2196 2243
285 2244
440 2245
1012 2246
1298 2247
650 2248
1719 2249
2226 2250
1184 2251
1947 2252
782 2253
919 2254
1295 2255
756 2256
217 2257
447 2258
1201 2259
1466 2260
665 2261
1232 2262
241 2263
962 2264
1783 2265
284 2266
2146 2267
1027 2268
1489 2269
578 2270
382 2271
48 2272
1397 2273
2185 2274
1630 2275
1117 2276
104 2277
546 2278
1321 2279
1744 2280
2036 2281
972 2282
1444 2283
111 2284
2225 2285
1437 2286
564 2287
1577 2288
105 2289
1443 2290
740 2291
1737 2292
407 2293
355 2294
2179 2295
733 2296
1587 2297
1427 2298
532 2299
1434 2300
1274 2301
2045 2302
217 2303
1130 2304
1194 2305
224 2306
1739 2307
1452 2308
1934 2309
651 2310
2011 2311
814 2312
36 2313
1853 2314
1767 2315
610 2316
1152 2317
1980 2318
1819 2319
2102 2320
568 2321
416 2322
979 2323
1194 2324
1980 2325
2124 2326
1285 2327
963 2328
1543 2329
324 2330
2037 2331
403 2332
537 2333
430 2334
326 2335
895 2336
1735 2337
1799 2338
1170 2339
2112 2340
1920 2341
2257 2342
2261 2343
83 2344
1767 2345
2009 2346
1983 2347
2176 2348
234 2349
297 2350
1555 2351
2142 2352
1437 2353
338 2354
615 2355
1139 2356
1562 2357
775 2358
1351 2359
1870 2360
2217 2361
1975 2362
634 2363
1013 2364
701 2365
717 2366
1810 2367
2021 2368
2025 2369
933 2370
1668 2371
873 2372
2328 2373
1046 2374
1495 2375
1762 2376
1303 2377
1221 2378
1031 2379
2274 2380
657 2381
1343 2382
44 2383
2364 2384
1552 2385
341 2386
2376 2387
1155 2388
949 2389
469 2390
693 2391
22 2392
1527 2393
1496 2394
1427 2395
668 2396
2001 2397
1192 2398
2235 2399
534 2400
1293 2401
595 2402
1107 2403
1797 2404
573 2405
1229 2406
1564 2407
1264 2408
2202 2409
527 2410
1415 2411
320 2412
1364 2413
1050 2414
1531 2415
1798 2416
286 2417
660 2418
1810 2419
219 2420
516 2421
224 2422
1438 2423
1087 2424
507 2425
200 2426
805 2427
862 2428
635 2429
1123 2430
2106 2431
1899 2432
2069 2433
1227 2434
973 2435
1395 2436
2259 2437
168 2438
1224 2439
2107 2440
448 2441
1713 2442
2149 2443
1217 2444
370 2445
719 2446
2245 2447
1481 2448
2390 2449
1794 2450
2401 2451
961 2452
1877 2453
201 2454
908 2455
1195 2456
260 2457
719 2458
320 2459
587 2460
665 2461
1620 2462
1403 2463
891 2464
1246 2465
759 2466
313 2467
1561 2468
1733 2469
1048 2470
368 2471
2361 2472
897 2473
330 2474
533 2475
1647 2476
36 2477
489 2478
2204 2479
1930 2480
2380 2481
1742 2482
744 2483
848 2484
1808 2485
1068 2486
1042 2487
538 2488
1678 2489
506 2490
1169 2491
1112 2492
686 2493
798 2494
1292 2495
1924 2496
505 2497
1709 2498
1541 2499
11 2500
441 2501
1736 2502
2246 2503
1594 2504
1431 2505
2365 2506
935 2507
1647 2508
1309 2509
335 2510
707 2511
2354 2512
1329 2513
1567 2514
546 2515
293 2516
1715 2517
2105 2518
457 2519
123 2520
2414 2521
83 2522
411 2523
2199 2524
1569 2525
166 2526
2011 2527
2330 2528
594 2529
555 2530
1980 2531
2198 2532
2478 2533
129 2534
2317 2535
981 2536
2233 2537
1564 2538
2243 2539
783 2540
1179 2541
1927 2542
2354 2543
1673 2544
1564 2545
163 2546
1242 2547
1448 2548
765 2549
266 2550
2015 2551
70 2552
1807 2553
1917 2554
2464 2555
2552 2556
1037 2557
65 2558
863 2559
2380 2560
1318 2561
2391 2562
215 2563
374 2564
2458 2565
212 2566
277 2567
2561 2568
1843 2569
1440 2570
2358 2571
1107 2572
2561 2573
1806 2574
65 2575
1803 2576
1352 2577
1741 2578
1600 2579
1714 2580
1318 2581
1170 2582
2426 2583
2323 2584
1345 2585
1509 2586
2025 2587
2452 2588
1824 2589
1490 2590
380 2591
1142 2592
2127 2593
1394 2594
1481 2595
2166 2596
1856 2597
1339 2598
930 2599
1539 2600
1220 2601
2159 2602
2179 2603
478 2604
32 2605
1709 2606
1047 2607
580 2608
1483 2609
1737 2610
1346 2611
2584 2612
1518 2613
2366 2614
512 2615
1606 2616
1750 2617
771 2618
789 2619
2146 2620
1029 2621
1309 2622
1111 2623
399 2624
1478 2625
1989 2626
82 2627
885 2628
1079 2629
554 2630
2514 2631
1552 2632
1347 2633
2299 2634
210 2635
997 2636
1036 2637
1367 2638
21 2639
1034 2640
452 2641
900 2642
1508 2643
1427 2644
2547 2645
1397 2646
2287 2647
2259 2648
560 2649
1226 2650
1149 2651
1572 2652
1512 2653
1312 2654
1008 2655
2243 2656
1830 2657
2213 2658
823 2659
538 2660
1117 2661
2009 2662
1937 2663
260 2664
2460 2665
436 2666
2312 2667
1422 2668
1732 2669
2273 2670
619 2671
2197 2672
443 2673
55 2674
2133 2675
650 2676
930 2677
1382 2678
667 2679
261 2680
1746 2681
1905 2682
1946 2683
1929 2684
402 2685
2423 2686
1016 2687
883 2688
78 2689
326 2690
1110 2691
2090 2692
944 2693
876 2694
803 2695
2625 2696
1449 2697
843 2698
1048 2699
465 2700
1396 2701
715 2702
1441 2703
2490 2704
1288 2705
2216 2706
1872 2707
2169 2708
16 2709
1493 2710
1892 2711
1119 2712
1900 2713
76 2714
2161 2715
1650 2716
104 2717
2297 2718
1487 2719
2552 2720
2219 2721
744 2722
1836 2723
2081 2724
2312 2725
59 2726
567 2727
339 2728
2204 2729
1425 2730
1451 2731
654 2732
1532 2733
2085 2734
1895 2735
1903 2736
80 2737
723 2738
691 2739
1607 2740
622 2741
2348 2742
706 2743
208 2744
1379 2745
1111 2746
1157 2747
1021 2748
2102 2749
829 2750
1234 2751
1322 2752
253 2753
30 2754
595 2755
2518 2756
1137 2757
238 2758
712 2759
1638 2760
317 2761
1250 2762
2193 2763
1735 2764
1916 2765
2094 2766
2276 2767
101 2768
869 2769
1182 2770
2123 2771
861 2772
2729 2773
160 2774
1202 2775
2265 2776
725 2777
493 2778
1420 2779
507 2780
1760 2781
2403 2782
2324 2783
101 2784
2484 2785
895 2786
2569 2787
772 2788
2023 2789
2239 2790
2367 2791
464 2792
1877 2793
1560 2794
781 2795
846 2796
793 2797
1554 2798
412 2799
994 2800
1459 2801
1417 2802
142 2803
2423 2804
1607 2805
1420 2806
879 2807
2446 2808
768 2809
1786 2810
1276 2811
908 2812
1548 2813
1413 2814
1567 2815
1879 2816
54 2817
23 2818
1517 2819
1069 2820
2659 2821
1709 2822
2317 2823
1514 2824
2723 2825
1243 2826
2777 2827
1997 2828
866 2829
1496 2830
646 2831
189 2832
54 2833
1829 2834
750 2835
485 2836
2290 2837
1836 2838
2629 2839
2425 2840
1383 2841
1016 2842
445 2843
1934 2844
1561 2845
215 2846
387 2847
1387 2848
1550 2849
2171 2850
1696 2851
1587 2852
2676 2853
720 2854
2695 2855
280 2856
1508 2857
1851 2858
2323 2859
2098 2860
1615 2861
710 2862
52 2863
1986 2864
2558 2865
1222 2866
718 2867
428 2868
715 2869
1498 2870
362 2871
1111 2872
997 2873
2026 2874
2228 2875
1217 2876
1986 2877
1473 2878
502 2879
1394 2880
2649 2881
1224 2882
672 2883
716 2884
563 2885
1345 2886
133 2887
1186 2888
54 2889
288 2890
99 2891
2084 2892
2039 2893
1434 2894
1096 2895
955 2896
1702 2897
2142 2898
2072 2899
2869 2900
2717 2901
908 2902
2342 2903
1953 2904
2117 2905
1139 2906
1091 2907
1372 2908
1610 2909
1607 2910
378 2911
290 2912
1371 2913
1902 2914
1681 2915
2189 2916
772 2917
661 2918
204 2919
1097 2920
2673 2921
488 2922
2020 2923
1734 2924
2444 2925
1382 2926
2401 2927
735 2928
2882 2929
1194 2930
1903 2931
2603 2932
1621 2933
1464 2934
2742 2935
1175 2936
71 2937
2648 2938
369 2939
1922 2940
1868 2941
1655 2942
2223 2943
1991 2944
1945 2945
99 2946
31 2947
2150 2948
2923 2949
1950 2950
2884 2951
440 2952
2669 2953
1406 2954
1089 2955
117 2956
2760 2957
2213 2958
166 2959
38 2960
1626 2961
1648 2962
2443 2963
140 2964
412 2965
2695 2966
42 2967
1445 2968
1910 2969
306 2970
2342 2971
2474 2972
1167 2973
1659 2974
2766 2975
369 2976
1190 2977
142 2978
2120 2979
2090 2980
2587 2981
2265 2982
2937 2983
1764 2984
1285 2985
639 2986
849 2987
1520 2988
1669 2989
2386 2990
722 2991
213 2992
1102 2993
2546 2994
2534 2995
2723 2996
44 2997
856 2998
89 2999
1944 3000
1426 3001
489 3002
2357 3003
1615 3004
1954 3005
2244 3006
2944 3007
2282 3008
1304 3009
2275 3010
2719 3011
2480 3012
2143 3013
1985 3014
1060 3015
1962 3016
1556 3017
2497 3018
2019 3019
2170 3020
2085 3021
2807 3022
1918 3023
1367 3024
2318 3025
2284 3026
774 3027
600 3028
1596 3029
1086 3030
270 3031
1852 3032
185 3033
4 3034
252 3035
2274 3036
1713 3037
1202 3038
1208 3039
2689 3040
1733 3041
2601 3042
79 3043
1663 3044
1398 3045
2099 3046
1788 3047
389 3048
396 3049
1370 3050
531 3051
2796 3052
2371 3053
253 3054
480 3055
2777 3056
2706 3057
1596 3058
2983 3059
2706 3060
2446 3061
1049 3062
1397 3063
2824 3064
739 3065
1082 3066
2648 3067
2704 3068
1846 3069
248 3070
1223 3071
3049 3072
1229 3073
2093 3074
1949 3075
857 3076
1215 3077
707 3078
682 3079
1345 3080
1137 3081
2784 3082
560 3083
1056 3084
792 3085
1457 3086
1406 3087
2553 3088
312 3089
92 3090
1876 3091
1511 3092
120 3093
2317 3094
2381 3095
912 3096
336 3097
2698 3098
2805 3099
1857 3100
2228 3101
3083 3102
1727 3103
2048 3104
1208 3105
1632 3106
1874 3107
1960 3108
242 3109
1103 3110
978 3111
2834 3112
1458 3113
1645 3114
110 3115
2899 3116
1972 3117
1105 3118
1622 3119
1791 3120
2228 3121
2165 3122
494 3123
3009 3124
1245 3125
1867 3126
2087 3127
1484 3128
3062 3129
967 3130
950 3131
25 3132
1118 3133
1728 3134
617 3135
793 3136
3070 3137
3117 3138
1546 3139
1569 3140
291 3141
2824 3142
96 3143
1485 3144
2334 3145
1920 3146
1347 3147
2647 3148
2267 3149
394 3150
1757 3151
2932 3152
2108 3153
727 3154
403 3155
879 3156
268 3157
344 3158
2400 3159
360 3160
1303 3161
33 3162
1273 3163
2102 3164
2550 3165
1437 3166
2973 3167
1235 3168
263 3169
2057 3170
299 3171
803 3172
1564 3173
638 3174
1944 3175
2210 3176
1489 3177
1919 3178
2640 3179
39 3180
3016 3181
1530 3182
2302 3183
1652 3184
139 3185
683 3186
1711 3187
499 3188
2800 3189
1384 3190
574 3191
2354 3192
1941 3193
574 3194
1073 3195
2544 3196
2677 3197
578 3198
2247 3199
795 3200
2052 3201
2960 3202
2508 3203
2045 3204
1947 3205
1225 3206
2798 3207
2583 3208
1448 3209
830 3210
1272 3211
1983 3212
3067 3213
908 3214
2867 3215
114 3216
627 3217
848 3218
281 3219
2648 3220
2229 3221
1312 3222
830 3223
540 3224
1069 3225
3091 3226
359 3227
801 3228
926 3229
912 3230
2289 3231
251 3232
3115 3233
1494 3234
593 3235
2753 3236
3140 3237
1796 3238
2600 3239
1602 3240
3124 3241
961 3242
170 3243
1119 3244
3063 3245
98 3246
1773 3247
1626 3248
556 3249
1115 3250
745 3251
165 3252
2224 3253
2784 3254
975 3255
2702 3256
2070 3257
2992 3258
1697 3259
471 3260
987 3261
1995 3262
882 3263
1500 3264
1509 3265
2593 3266
2079 3267
3062 3268
753 3269
1192 3270
2091 3271
2243 3272
2738 3273
2576 3274
1366 3275
3009 3276
2155 3277
1621 3278
2829 3279
1122 3280
2479 3281
356 3282
2282 3283
1388 3284
2155 3285
1086 3286
2135 3287
2588 3288
1044 3289
942 3290
75 3291
1936 3292
641 3293
2197 3294
379 3295
1729 3296
1134 3297
2886 3298
1500 3299
1071 3300
836 3301
1131 3302
2743 3303
2016 3304
271 3305
284 3306
1612 3307
1958 3308
93 3309
1609 3310
2573 3311
838 3312
1777 3313
2473 3314
2153 3315
2700 3316
3106 3317
1959 3318
3269 3319
2407 3320
2146 3321
101 3322
1395 3323
2230 3324
2044 3325
2349 3326
1435 3327
2600 3328
1501 3329
3128 3330
2661 3331
979 3332
1990 3333
2867 3334
3116 3335
1331 3336
2232 3337
2744 3338
2383 3339
1881 3340
1406 3341
1077 3342
1059 3343
170 3344
3129 3345
3137 3346
1728 3347
83 3348
1859 3349
445 3350
2762 3351
3020 3352
2367 3353
3186 3354
2685 3355
2231 3356
1027 3357
740 3358
2205 3359
1240 3360
1662 3361
2901 3362
2217 3363
366 3364
2574 3365
3141 3366
3129 3367
1679 3368
349 3369
2612 3370
2578 3371
2263 3372
953 3373
1319 3374
3141 3375
1883 3376
2453 3377
3153 3378
1415 3379
3360 3380
991 3381
912 3382
2658 3383
1554 3384
952 3385
1010 3386
1119 3387
389 3388
1359 3389
682 3390
833 3391
2991 3392
36 3393
46 3394
865 3395
1442 3396
2230 3397
2802 3398
1108 3399
1 3400
2724 3401
891 3402
1774 3403
3240 3404
2949 3405
1145 3406
2196 3407
2630 3408
2391 3409
329 3410
3158 3411
1435 3412
90 3413
415 3414
295 3415
3223 3416
274 3417
3331 3418
3053 3419
3038 3420
1739 3421
2333 3422
1793 3423
1354 3424
3125 3425
1844 3426
756 3427
889 3428
3227 3429
238 3430
3308 3431
1667 3432
1336 3433
169 3434
619 3435
1094 3436
2876 3437
2188 3438
3042 3439
257 3440
584 3441
1514 3442
33 3443
689 3444
718 3445
72 3446
552 3447
862 3448
704 3449
1960 3450
1290 3451
1520 3452
924 3453
3140 3454
1492 3455
3045 3456
1921 3457
3001 3458
2269 3459
1117 3460
1431 3461
1186 3462
176 3463
3225 3464
2600 3465
168 3466
2123 3467
3073 3468
2181 3469
1304 3470
396 3471
2790 3472
2522 3473
1041 3474
1941 3475
2069 3476
3339 3477
357 3478
1118 3479
965 3480
102 3481
1095 3482
2702 3483
2117 3484
657 3485
2197 3486
1531 3487
3363 3488
2209 3489
1159 3490
1170 3491
7 3492
2363 3493
207 3494
3284 3495
84 3496
1128 3497
1833 3498
584 3499
555 3500
518 3501
41 3502
1922 3503
1619 3504
521 3505
2173 3506
625 3507
1112 3508
1015 3509
3397 3510
2434 3511
467 3512
1015 3513
3111 3514
3149 3515
2274 3516
70 3517
3507 3518
2430 3519
2516 3520
2786 3521
587 3522
1210 3523
1746 3524
654 3525
2435 3526
1887 3527
2293 3528
2065 3529
2421 3530
154 3531
2242 3532
3372 3533
2147 3534
2095 3535
504 3536
200 3537
624 3538
2991 3539
463 3540
1866 3541
841 3542
1522 3543
2499 3544
3436 3545
3426 3546
2158 3547
995 3548
1719 3549
3410 3550
2715 3551
2071 3552
354 3553
700 3554
317 3555
1068 3556
3031 3557
1623 3558
278 3559
195 3560
464 3561
2357 3562
2381 3563
2422 3564
2495 3565
2907 3566
484 3567
977 3568
3002 3569
2531 3570
1225 3571
2500 3572
1610 3573
2028 3574
3521 3575
2925 3576
2093 3577
2370 3578
3022 3579
2207 3580
1646 3581
821 3582
389 3583
3107 3584
237 3585
1076 3586
907 3587
2643 3588
1842 3589
1315 3590
2011 3591
254 3592
3261 3593
800 3594
3410 3595
3351 3596
3016 3597
1922 3598
2150 3599
3256 3600
2105 3601
2686 3602
3198 3603
3602 3604
1000 3605
1283 3606
321 3607
1996 3608
1113 3609
3475 3610
2689 3611
3095 3612
1676 3613
2994 3614
3154 3615
2289 3616
1146 3617
2663 3618
1740 3619
164 3620
841 3621
3285 3622
3529 3623
1629 3624
1030 3625
2110 3626
2498 3627
3139 3628
1932 3629
1451 3630
3059 3631
1019 3632
543 3633
1929 3634
1091 3635
2414 3636
808 3637
89 3638
840 3639
1360 3640
22 3641
685 3642
601 3643
3245 3644
1913 3645
1585 3646
2036 3647
363 3648
2525 3649
2022 3650
1378 3651
1174 3652
2995 3653
493 3654
3220 3655
1017 3656
3100 3657
1151 3658
977 3659
3618 3660
2941 3661
3550 3662
3163 3663
848 3664
3438 3665
2348 3666
1536 3667
1827 3668
1622 3669
3348 3670
1334 3671
2923 3672
2743 3673
1330 3674
1229 3675
380 3676
1652 3677
114 3678
28 3679
1051 3680
3475 3681
2629 3682
1237 3683
3020 3684
2102 3685
1535 3686
2866 3687
3184 3688
2928 3689
2255 3690
2886 3691
706 3692
700 3693
2402 3694
1881 3695
2320 3696
2913 3697
697 3698
488 3699
930 3700
2561 3701
3489 3702
1552 3703
1384 3704
3411 3705
1932 3706
512 3707
425 3708
2941 3709
784 3710
212 3711
3425 3712
1418 3713
2609 3714
824 3715
1752 3716
2311 3717
1318 3718
1258 3719
1395 3720
105 3721
1842 3722
2296 3723
3422 3724
58 3725
1127 3726
1103 3727
662 3728
6 3729
416 3730
2908 3731
1182 3732
1561 3733
2276 3734
2962 3735
1432 3736
2498 3737
2134 3738
705 3739
3595 3740
3535 3741
2422 3742
3407 3743
1257 3744
3631 3745
1249 3746
3176 3747
560 3748
2574 3749
940 3750
2297 3751
3120 3752
2111 3753
2383 3754
2033 3755
265 3756
2433 3757
2522 3758
130 3759
1684 3760
2866 3761
1371 3762
2741 3763
2123 3764
640 3765
2808 3766
1490 3767
86 3768
2142 3769
365 3770
1468 3771
3212 3772
3053 3773
2020 3774
3392 3775
1993 3776
1504 3777
1481 3778
1059 3779
2242 3780
2025 3781
1173 3782
630 3783
261 3784
3621 3785
2350 3786
2295 3787
3380 3788
2487 3789
711 3790
806 3791
40 3792
1105 3793
677 3794
1261 3795
3580 3796
1819 3797
1119 3798
549 3799
26 3800
2477 3801
1477 3802
3628 3803
781 3804
3312 3805
1452 3806
95 3807
3045 3808
3216 3809
2544 3810
990 3811
718 3812
2481 3813
682 3814
1737 3815
242 3816
2414 3817
858 3818
1680 3819
2379 3820
3020 3821
995 3822
3421 3823
1811 3824
2385 3825
1224 3826
933 3827
1227 3828
2043 3829
2887 3830
3190 3831
705 3832
1375 3833
2733 3834
2091 3835
1679 3836
3095 3837
1863 3838
1015 3839
1123 3840
1443 3841
3475 3842
922 3843
853 3844
2154 3845
994 3846
2428 3847
2786 3848
2781 3849
2298 3850
3539 3851
800 3852
3320 3853
1893 3854
3820 3855
3713 3856
2060 3857
766 3858
2137 3859
760 3860
118 3861
2409 3862
177 3863
3707 3864
420 3865
238 3866
1414 3867
3677 3868
3427 3869
2502 3870
2262 3871
2749 3872
522 3873
2971 3874
3326 3875
1329 3876
2022 3877
820 3878
1357 3879
914 3880
1435 3881
1976 3882
27 3883
1913 3884
2483 3885
65 3886
2183 3887
2936 3888
2664 3889
789 3890
99 3891
849 3892
3118 3893
589 3894
2754 3895
1559 3896
2100 3897
1172 3898
731 3899
2760 3900
933 3901
3162 3902
283 3903
3606 3904
3843 3905
795 3906
1000 3907
145 3908
3163 3909
307 3910
2783 3911
2115 3912
3341 3913
3424 3914
237 3915
168 3916
1045 3917
2889 3918
3666 3919
31 3920
673 3921
1977 3922
1960 3923
1253 3924
3778 3925
2351 3926
2085 3927
173 3928
1599 3929
3301 3930
2460 3931
3425 3932
3664 3933
2091 3934
3612 3935
1184 3936
3789 3937
2401 3938
1024 3939
3237 3940
2958 3941
2989 3942
879 3943
1916 3944
3671 3945
762 3946
307 3947
3339 3948
2844 3949
3399 3950
1578 3951
2469 3952
3765 3953
792 3954
1452 3955
3185 3956
3301 3957
108 3958
390 3959
1573 3960
597 3961
2333 3962
1446 3963
1768 3964
1577 3965
899 3966
906 3967
2247 3968
1324 3969
99 3970
3680 3971
2684 3972
3794 3973
1505 3974
1556 3975
220 3976
1510 3977
308 3978
3719 3979
2095 3980
665 3981
1597 3982
908 3983
668 3984
2537 3985
663 3986
1918 3987
2165 3988
2509 3989
3788 3990
4 3991
2015 3992
468 3993
669 3994
2573 3995
483 3996
2707 3997
2017 3998
2200 3999
2417 4000
227 4001
3147 4002
3248 4003
1885 4004
2458 4005
2236 4006
592 4007
3234 4008
1314 4009
3796 4010
3227 4011
1328 4012
3157 4013
2150 4014
2323 4015
3457 4016
1505 4017
3621 4018
941 4019
1535 4020
1565 4021
1732 4022
1836 4023
3824 4024
10 4025
2419 4026
3933 4027
759 4028
1943 4029
2985 4030
3503 4031
1662 4032
3998 4033
326 4034
1104 4035
448 4036
1590 4037
3496 4038
605 4039
425 4040
966 4041
3061 4042
3781 4043
1660 4044
3056 4045
1768 4046
773 4047
3 4048
1463 4049
3331 4050
180 4051
15 4052
957 4053
2731 4054
4052 4055
355 4056
2872 4057
3327 4058
2652 4059
1307 4060
1820 4061
997 4062
137 4063
731 4064
838 4065
2163 4066
3747 4067
3757 4068
3510 4069
1054 4070
2516 4071
2170 4072
2458 4073
757 4074
1634 4075
1402 4076
2884 4077
3047 4078
2385 4079
3794 4080
3050 4081
395 4082
478 4083
2790 4084
3440 4085
281 4086
176 4087
1358 4088
3833 4089
40 4090
3314 4091
1047 4092
1038 4093
2975 4094
1146 4095
1628 4096
473 4097
385 4098
3072 4099
814 4100
1811 4101
2039 4102
53 4103
834 4104
3387 4105
3062 4106
3015 4107
1680 4108
938 4109
2694 4110
2251 4111
3697 4112
1912 4113
3761 4114
3195 4115
2259 4116
651 4117
2933 4118
234 4119
755 4120
1098 4121
1143 4122
988 4123
1398 4124
959 4125
550 4126
2080 4127
2715 4128
3855 4129
3300 4130
1817 4131
2354 4132
3169 4133
3886 4134
4063 4135
2107 4136
778 4137
96 4138
259 4139
702 4140
1584 4141
2921 4142
689 4143
3254 4144
2077 4145
933 4146
1974 4147
756 4148
3829 4149
3039 4150
1999 4151
3466 4152
1340 4153
3190 4154
2568 4155
1238 4156
1448 4157
3383 4158
2768 4159
2543 4160
1690 4161
389 4162
1004 4163
2097 4164
4031 4165
133 4166
1440 4167
1166 4168
2448 4169
2671 4170
1224 4171
3444 4172
3560 4173
2768 4174
1915 4175
481 4176
3121 4177
2754 4178
41 4179
2943 4180
558 4181
3810 4182
3057 4183
3914 4184
1084 4185
2236 4186
263 4187
3438 4188
1761 4189
4105 4190
480 4191
140 4192
1880 4193
3377 4194
2677 4195
2531 4196
1345 4197
2623 4198
3356 4199
733 4200
846 4201
2700 4202
964 4203
273 4204
238 4205
3015 4206
2669 4207
2683 4208
2604 4209
4066 4210
26 4211
1364 4212
2652 4213
2209 4214
424 4215
1008 4216
443 4217
2172 4218
3420 4219
3300 4220
2877 4221
1719 4222
2084 4223
1850 4224
447 4225
1343 4226
1111 4227
1850 4228
1177 4229
3247 4230
536 4231
1031 4232
3491 4233
770 4234
975 4235
983 4236
310 4237
115 4238
1592 4239
3802 4240
3992 4241
1610 4242
3826 4243
1639 4244
4013 4245
1268 4246
2316 4247
1425 4248
2714 4249
3776 4250
2609 4251
3608 4252
3374 4253
2737 4254
1558 4255
2821 4256
948 4257
2101 4258
2390 4259
528 4260
789 4261
3929 4262
4062 4263
3639 4264
3174 4265
1237 4266
965 4267
3419 4268
1169 4269
3660 4270
3639 4271
67 4272
1934 4273
1695 4274
2396 4275
2020 4276
631 4277
1865 4278
3793 4279
2463 4280
921 4281
2332 4282
3046 4283
1945 4284
3676 4285
1549 4286
101 4287
2897 4288
862 4289
1126 4290
1355 4291
2231 4292
462 4293
2640 4294
4280 4295
1861 4296
652 4297
454 4298
1021 4299
1579 4300
20 4301
2804 4302
1657 4303
3254 4304
3565 4305
4167 4306
1039 4307
2728 4308
145 4309
1388 4310
1787 4311
3648 4312
4150 4313
32 4314
2391 4315
1107 4316
1003 4317
177 4318
2793 4319
1343 4320
275 4321
2877 4322
2039 4323
3214 4324
3932 4325
1061 4326
1542 4327
936 4328
871 4329
1594 4330
518 4331
4067 4332
2740 4333
1441 4334
2339 4335
1183 4336
124 4337
2319 4338
4125 4339
3549 4340
2195 4341
1758 4342
2815 4343
2306 4344
3517 4345
613 4346
145 4347
886 4348
2655 4349
3865 4350
972 4351
3473 4352
1497 4353
3854 4354
479 4355
2145 4356
1601 4357
1059 4358
2427 4359
3640 4360
1981 4361
2017 4362
1247 4363
3866 4364
3935 4365
206 4366
1410 4367
3103 4368
3091 4369
254 4370
4108 4371
2481 4372
203 4373
3467 4374
315 4375
4048 4376
2794 4377
928 4378
1061 4379
3697 4380
4370 4381
3881 4382
1309 4383
2738 4384
1118 4385
4247 4386
1233 4387
1965 4388
1611 4389
3630 4390
16 4391
1821 4392
1547 4393
4391 4394
1707 4395
3817 4396
1332 4397
3061 4398
1224 4399
1674 4400
1496 4401
865 4402
1637 4403
4352 4404
1772 4405
4299 4406
3567 4407
3975 4408
1296 4409
2088 4410
106 4411
1389 4412
2682 4413
4178 4414
1787 4415
3730 4416
509 4417
459 4418
310 4419
2881 4420
1509 4421
4112 4422
455 4423
1440 4424
276 4425
3944 4426
3050 4427
1067 4428
1309 4429
2550 4430
1047 4431
355 4432
1759 4433
3474 4434
1678 4435
783 4436
3185 4437
3155 4438
1808 4439
920 4440
3879 4441
2286 4442
2369 4443
996 4444
2885 4445
2189 4446
2934 4447
3682 4448
1211 4449
1794 4450
3395 4451
713 4452
2685 4453
2723 4454
620 4455
615 4456
3175 4457
4092 4458
2233 4459
1810 4460
3123 4461
3374 4462
3145 4463
693 4464
2754 4465
3762 4466
1195 4467
3330 4468
3541 4469
101 4470
3638 4471
1143 4472
2816 4473
2735 4474
4383 4475
611 4476
2643 4477
2419 4478
2466 4479
3002 4480
1538 4481
2267 4482
705 4483
1851 4484
3178 4485
2206 4486
4382 4487
1476 4488
2523 4489
643 4490
1264 4491
3145 4492
277 4493
1818 4494
791 4495
4253 4496
70 4497
595 4498
2488 4499
3109 4500
2749 4501
2395 4502
4251 4503
4076 4504
1964 4505
3217 4506
848 4507
4462 4508
112 4509
687 4510
2343 4511
4333 4512
2801 4513
425 4514
2368 4515
1333 4516
3621 4517
321 4518
2129 4519
2366 4520
4326 4521
1532 4522
1457 4523
4224 4524
1947 4525
2897 4526
3016 4527
735 4528
2671 4529
3951 4530
1700 4531
4486 4532
2636 4533
4271 4534
114 4535
556 4536
449 4537
2314 4538
2016 4539
2852 4540
2525 4541
955 4542
1045 4543
4320 4544
1658 4545
2575 4546
4486 4547
4036 4548
2730 4549
1733 4550
1483 4551
1884 4552
3828 4553
592 4554
3620 4555
2757 4556
2596 4557
2796 4558
2790 4559
2946 4560
963 4561
4009 4562
2352 4563
1703 4564
1481 4565
3811 4566
3529 4567
2095 4568
842 4569
4546 4570
2288 4571
558 4572
1797 4573
3777 4574
1414 4575
3539 4576
4154 4577
1050 4578
4080 4579
650 4580
190 4581
721 4582
2755 4583
109 4584
2935 4585
3877 4586
3715 4587
3345 4588
507 4589
2570 4590
1999 4591
2627 4592
684 4593
956 4594
2107 4595
1761 4596
2464 4597
1593 4598
4063 4599
3712 4600
2357 4601
620 4602
1786 4603
1776 4604
1061 4605
2806 4606
3072 4607
1154 4608
3877 4609
1416 4610
4450 4611
950 4612
4600 4613
2229 4614
2676 4615
1983 4616
2798 4617
728 4618
2383 4619
1927 4620
2919 4621
3113 4622
4156 4623
1304 4624
4134 4625
663 4626
2998 4627
3144 4628
1876 4629
2697 4630
266 4631
2068 4632
3377 4633
4439 4634
2151 4635
4144 4636
1471 4637
3918 4638
3740 4639
4058 4640
1755 4641
4408 4642
2014 4643
4411 4644
999 4645
3331 4646
872 4647
1650 4648
4051 4649
3180 4650
3069 4651
1556 4652
3665 4653
530 4654
614 4655
439 4656
2537 4657
3647 4658
1735 4659
1107 4660
3879 4661
4398 4662
4415 4663
821 4664
747 4665
2754 4666
2861 4667
365 4668
1822 4669
392 4670
2274 4671
1452 4672
1509 4673
2518 4674
1221 4675
281 4676
3773 4677
4073 4678
1479 4679
1807 4680
3209 4681
31 4682
1747 4683
3895 4684
1422 4685
2506 4686
2383 4687
2568 4688
4474 4689
3381 4690
2985 4691
195 4692
1949 4693
309 4694
2351 4695
1332 4696
3447 4697
3456 4698
3499 4699
43 4700
1843 4701
1772 4702
1386 4703
2907 4704
3786 4705
4358 4706
3387 4707
1137 4708
66 4709
16 4710
3716 4711
487 4712
4156 4713
3167 4714
342 4715
396 4716
3508 4717
3878 4718
3628 4719
4420 4720
3873 4721
1310 4722
295 4723
1406 4724
1868 4725
1669 4726
4408 4727
1354 4728
4112 4729
4361 4730
2928 4731
572 4732
1213 4733
951 4734
531 4735
3515 4736
2276 4737
1213 4738
3518 4739
3767 4740
1202 4741
4637 4742
2983 4743
3815 4744
3137 4745
2649 4746
3946 4747
352 4748
3693 4749
2853 4750
4699 4751
4144 4752
2250 4753
4003 4754
1170 4755
3293 4756
2823 4757
891 4758
863 4759
3990 4760
3391 4761
4740 4762
25 4763
1854 4764
4743 4765
1472 4766
4413 4767
1256 4768
3059 4769
3659 4770
3261 4771
2382 4772
4458 4773
1040 4774
4616 4775
2518 4776
2090 4777
4452 4778
2217 4779
3417 4780
4511 4781
4048 4782
4159 4783
2339 4784
2456 4785
4376 4786
4392 4787
1463 4788
2308 4789
172 4790
3407 4791
274 4792
4509 4793
304 4794
3467 4795
916 4796
1607 4797
809 4798
1426 4799
1982 4800
3223 4801
4243 4802
108 4803
4736 4804
2279 4805
4152 4806
2061 4807
1028 4808
143 4809
4046 4810
4330 4811
282 4812
1891 4813
397 4814
4579 4815
2834 4816
1930 4817
4796 4818
2005 4819
76 4820
1639 4821
4293 4822
4042 4823
754 4824
3370 4825
1088 4826
1141 4827
3889 4828
4523 4829
1130 4830
106 4831
4305 4832
3239 4833
318 4834
108 4835
1363 4836
2936 4837
3425 4838
1662 4839
1103 4840
4353 4841
3111 4842
3751 4843
2601 4844
432 4845
1684 4846
3286 4847
1916 4848
2243 4849
4757 4850
3399 4851
2879 4852
2661 4853
3661 4854
2243 4855
154 4856
935 4857
7 4858
3513 4859
2901 4860
248 4861
4841 4862
2614 4863
3115 4864
3936 4865
2633 4866
800 4867
4244 4868
3595 4869
570 4870
2035 4871
2723 4872
2370 4873
3456 4874
4333 4875
1301 4876
2073 4877
2597 4878
1460 4879
2182 4880
1956 4881
2724 4882
4682 4883
2998 4884
2946 4885
2837 4886
2206 4887
4037 4888
1954 4889
2698 4890
3018 4891
2102 4892
78 4893
3654 4894
3159 4895
1447 4896
3250 4897
1116 4898
4010 4899
1862 4900
1634 4901
2324 4902
4257 4903
3091 4904
4645 4905
4417 4906
4283 4907
1633 4908
2241 4909
4406 4910
1503 4911
3583 4912
285 4913
143 4914
2647 4915
4383 4916
2409 4917
4427 4918
60 4919
4224 4920
2352 4921
4479 4922
4785 4923
2885 4924
1697 4925
2953 4926
3219 4927
3844 4928
4635 4929
3127 4930
1887 4931
125 4932
3463 4933
3757 4934
2847 4935
3613 4936
4502 4937
2684 4938
1566 4939
969 4940
3565 4941
3594 4942
3136 4943
1608 4944
2264 4945
4580 4946
2909 4947
2362 4948
2250 4949
2684 4950
3801 4951
2566 4952
2599 4953
4305 4954
920 4955
989 4956
4287 4957
959 4958
2566 4959
4353 4960
2566 4961
4214 4962
2451 4963
4866 4964
4805 4965
1572 4966
3116 4967
3240 4968
4336 4969
1825 4970
2979 4971
4372 4972
3219 4973
4758 4974
640 4975
678 4976
164 4977
2730 4978
4349 4979
3734 4980
4027 4981
2487 4982
4708 4983
815 4984
3461 4985
540 4986
387 4987
2306 4988
1066 4989
4528 4990
4091 4991
2274 4992
805 4993
2466 4994
3448 4995
4992 4996
3244 4997
4153 4998
3424 4999
2304 5000
