1000
1 2
2 3
3 4
1 5
2 6
2 7
2 8
1 9
3 10
6 11
2 12
5 13
2 14
14 15
9 16
8 17
3 18
3 19
8 20
9 21
16 22
19 23
1 24
8 25
9 26
24 27
11 28
7 29
11 30
2 31
26 32
30 33
4 34
17 35
21 36
34 37
31 38
37 39
12 40
8 41
33 42
7 43
10 44
19 45
12 46
37 47
14 48
27 49
37 50
30 51
8 52
14 53
46 54
19 55
37 56
36 57
31 58
40 59
56 60
15 61
47 62
39 63
42 64
3 65
29 66
64 67
51 68
49 69
25 70
57 71
29 72
54 73
20 74
43 75
2 76
24 77
12 78
70 79
78 80
47 81
35 82
71 83
8 84
1 85
45 86
34 87
68 88
39 89
6 90
87 91
63 92
39 93
92 94
11 95
34 96
86 97
33 98
84 99
6 100
93 101
39 102
37 103
66 104
96 105
71 106
53 107
33 108
73 109
81 110
44 111
72 112
87 113
76 114
41 115
50 116
113 117
81 118
78 119
64 120
78 121
105 122
4 123
11 124
13 125
114 126
5 127
107 128
57 129
101 130
48 131
113 132
58 133
96 134
41 135
10 136
25 137
103 138
115 139
105 140
118 141
70 142
60 143
43 144
1 145
25 146
63 147
8 148
93 149
128 150
122 151
41 152
13 153
38 154
91 155
74 156
67 157
129 158
29 159
128 160
128 161
15 162
38 163
163 164
126 165
107 166
113 167
141 168
18 169
106 170
106 171
3 172
157 173
5 174
142 175
149 176
48 177
15 178
91 179
99 180
93 181
160 182
122 183
162 184
38 185
105 186
79 187
59 188
65 189
150 190
31 191
33 192
62 193
191 194
112 195
122 196
177 197
103 198
171 199
51 200
74 201
18 202
190 203
59 204
51 205
203 206
98 207
50 208
205 209
147 210
171 211
57 212
198 213
197 214
145 215
36 216
105 217
40 218
147 219
192 220
178 221
7 222
47 223
195 224
203 225
84 226
118 227
216 228
223 229
71 230
171 231
98 232
175 233
127 234
53 235
119 236
49 237
101 238
97 239
9 240
44 241
232 242
219 243
60 244
149 245
26 246
35 247
88 248
18 249
65 250
192 251
140 252
58 253
4 254
247 255
255 256
220 257
99 258
56 259
21 260
147 261
53 262
256 263
22 264
248 265
21 266
82 267
8 268
143 269
124 270
171 271
166 272
67 273
117 274
7 275
258 276
87 277
50 278
159 279
250 280
34 281
102 282
13 283
24 284
251 285
267 286
66 287
224 288
176 289
79 290
31 291
217 292
266 293
245 294
124 295
93 296
216 297
79 298
247 299
113 300
170 301
122 302
25 303
169 304
145 305
284 306
46 307
142 308
98 309
138 310
96 311
275 312
254 313
71 314
95 315
284 316
206 317
1 318
157 319
187 320
316 321
89 322
276 323
310 324
167 325
153 326
319 327
322 328
28 329
249 330
305 331
301 332
194 333
24 334
257 335
219 336
280 337
5 338
75 339
221 340
40 341
114 342
249 343
182 344
245 345
128 346
55 347
249 348
131 349
171 350
63 351
216 352
336 353
183 354
51 355
47 356
110 357
143 358
32 359
258 360
259 361
2 362
193 363
296 364
228 365
89 366
274 367
57 368
175 369
108 370
257 371
35 372
104 373
249 374
140 375
71 376
134 377
156 378
249 379
26 380
358 381
259 382
29 383
258 384
294 385
165 386
379 387
97 388
214 389
381 390
107 391
266 392
173 393
119 394
284 395
215 396
383 397
77 398
14 399
307 400
36 401
178 402
143 403
388 404
116 405
90 406
30 407
130 408
326 409
264 410
400 411
107 412
357 413
45 414
169 415
365 416
65 417
251 418
330 419
302 420
251 421
415 422
222 423
281 424
106 425
381 426
275 427
382 428
250 429
359 430
249 431
187 432
44 433
6 434
251 435
221 436
18 437
270 438
210 439
359 440
20 441
46 442
18 443
242 444
427 445
107 446
225 447
371 448
344 449
144 450
302 451
221 452
280 453
224 454
80 455
117 456
351 457
102 458
242 459
77 460
39 461
320 462
384 463
405 464
237 465
400 466
433 467
30 468
4 469
206 470
259 471
448 472
278 473
312 474
373 475
212 476
197 477
249 478
308 479
475 480
48 481
346 482
403 483
423 484
83 485
381 486
243 487
156 488
374 489
84 490
367 491
471 492
155 493
300 494
223 495
321 496
28 497
31 498
349 499
145 500
172 501
333 502
345 503
210 504
27 505
136 506
401 507
467 508
339 509
40 510
239 511
80 512
201 513
372 514
166 515
206 516
208 517
72 518
11 519
487 520
30 521
475 522
69 523
255 524
119 525
369 526
11 527
154 528
264 529
384 530
351 531
300 532
241 533
453 534
374 535
413 536
78 537
433 538
115 539
217 540
510 541
416 542
189 543
333 544
527 545
308 546
315 547
40 548
81 549
251 550
166 551
425 552
516 553
402 554
95 555
510 556
341 557
494 558
28 559
516 560
377 561
203 562
366 563
312 564
464 565
518 566
319 567
153 568
449 569
341 570
339 571
172 572
350 573
557 574
101 575
111 576
550 577
338 578
225 579
268 580
362 581
287 582
123 583
323 584
503 585
435 586
581 587
432 588
9 589
437 590
292 591
471 592
276 593
216 594
302 595
363 596
361 597
488 598
381 599
416 600
167 601
477 602
459 603
430 604
61 605
498 606
581 607
316 608
279 609
567 610
300 611
146 612
186 613
406 614
58 615
452 616
18 617
573 618
223 619
199 620
308 621
517 622
30 623
136 624
343 625
142 626
220 627
556 628
617 629
563 630
535 631
597 632
99 633
17 634
191 635
395 636
256 637
32 638
263 639
207 640
590 641
134 642
387 643
157 644
428 645
376 646
250 647
488 648
362 649
519 650
287 651
614 652
592 653
494 654
517 655
397 656
588 657
149 658
250 659
471 660
137 661
137 662
241 663
197 664
190 665
619 666
360 667
615 668
81 669
458 670
6 671
419 672
132 673
227 674
486 675
295 676
314 677
447 678
593 679
558 680
241 681
569 682
337 683
367 684
461 685
315 686
326 687
504 688
53 689
383 690
440 691
324 692
407 693
151 694
237 695
511 696
575 697
282 698
623 699
287 700
543 701
568 702
517 703
84 704
71 705
287 706
444 707
216 708
291 709
586 710
15 711
600 712
76 713
150 714
94 715
544 716
155 717
460 718
694 719
649 720
47 721
78 722
392 723
108 724
50 725
57 726
393 727
162 728
187 729
47 730
449 731
345 732
382 733
720 734
674 735
729 736
523 737
653 738
237 739
507 740
733 741
741 742
6 743
459 744
346 745
632 746
484 747
153 748
300 749
669 750
47 751
326 752
262 753
264 754
325 755
201 756
31 757
509 758
593 759
449 760
357 761
533 762
229 763
62 764
269 765
528 766
388 767
634 768
704 769
211 770
322 771
567 772
285 773
742 774
648 775
596 776
165 777
93 778
81 779
535 780
241 781
697 782
142 783
246 784
229 785
208 786
39 787
49 788
678 789
34 790
247 791
563 792
639 793
595 794
675 795
735 796
470 797
147 798
157 799
490 800
244 801
321 802
480 803
142 804
365 805
113 806
71 807
259 808
4 809
517 810
551 811
734 812
408 813
771 814
610 815
229 816
551 817
412 818
347 819
5 820
568 821
302 822
194 823
697 824
136 825
755 826
657 827
546 828
231 829
608 830
430 831
703 832
90 833
155 834
355 835
190 836
666 837
317 838
647 839
295 840
676 841
420 842
311 843
168 844
315 845
586 846
95 847
634 848
716 849
462 850
368 851
663 852
276 853
800 854
227 855
56 856
485 857
396 858
120 859
738 860
855 861
278 862
757 863
314 864
704 865
789 866
212 867
469 868
79 869
41 870
860 871
404 872
40 873
232 874
340 875
443 876
343 877
742 878
412 879
77 880
72 881
81 882
438 883
393 884
106 885
604 886
403 887
486 888
311 889
22 890
149 891
780 892
215 893
626 894
99 895
458 896
517 897
319 898
266 899
453 900
636 901
701 902
192 903
637 904
39 905
820 906
439 907
785 908
60 909
14 910
97 911
549 912
463 913
800 914
325 915
704 916
231 917
225 918
616 919
6 920
234 921
527 922
295 923
566 924
802 925
130 926
922 927
455 928
63 929
396 930
316 931
643 932
172 933
316 934
894 935
722 936
62 937
888 938
70 939
520 940
199 941
699 942
216 943
841 944
516 945
472 946
305 947
702 948
337 949
291 950
893 951
777 952
513 953
952 954
180 955
813 956
896 957
155 958
141 959
179 960
216 961
890 962
142 963
870 964
234 965
514 966
347 967
564 968
466 969
529 970
741 971
508 972
927 973
343 974
305 975
558 976
673 977
247 978
332 979
823 980
369 981
788 982
815 983
805 984
676 985
654 986
154 987
663 988
228 989
932 990
184 991
588 992
824 993
982 994
825 995
806 996
862 997
164 998
464 999
742 1000
