500
1 2
2 3
3 4
4 5
3 6
6 7
4 8
3 9
4 10
7 11
6 12
10 13
4 14
2 15
6 16
12 17
5 18
15 19
7 20
6 21
3 22
16 23
21 24
17 25
4 26
10 27
22 28
25 29
13 30
29 31
19 32
3 33
24 34
7 35
20 36
27 37
6 38
6 39
7 40
26 41
24 42
29 43
39 44
7 45
42 46
13 47
6 48
20 49
32 50
26 51
24 52
13 53
9 54
40 55
5 56
43 57
31 58
37 59
52 60
44 61
12 62
41 63
4 64
7 65
36 66
27 67
9 68
45 69
13 70
67 71
25 72
23 73
72 74
2 75
21 76
64 77
4 78
70 79
35 80
45 81
63 82
61 83
28 84
46 85
56 86
14 87
77 88
53 89
20 90
38 91
32 92
63 93
59 94
6 95
58 96
18 97
85 98
42 99
98 100
2 101
21 102
86 103
48 104
33 105
41 106
23 107
81 108
29 109
41 110
104 111
80 112
52 113
99 114
87 115
22 116
7 117
20 118
69 119
5 120
85 121
40 122
102 123
38 124
113 125
51 126
47 127
123 128
7 129
126 130
72 131
41 132
65 133
84 134
91 135
101 136
4 137
26 138
125 139
29 140
54 141
102 142
3 143
4 144
54 145
28 146
52 147
61 148
115 149
59 150
129 151
74 152
85 153
74 154
83 155
56 156
52 157
103 158
27 159
118 160
22 161
145 162
74 163
58 164
69 165
98 166
93 167
99 168
38 169
105 170
25 171
54 172
79 173
51 174
111 175
43 176
143 177
76 178
15 179
96 180
50 181
166 182
86 183
141 184
137 185
61 186
145 187
130 188
29 189
74 190
165 191
141 192
92 193
8 194
128 195
115 196
135 197
152 198
140 199
125 200
189 201
28 202
165 203
100 204
93 205
136 206
88 207
49 208
184 209
39 210
124 211
207 212
143 213
24 214
137 215
2 216
208 217
31 218
42 219
107 220
84 221
184 222
88 223
10 224
169 225
74 226
48 227
186 228
222 229
87 230
167 231
98 232
68 233
93 234
50 235
4 236
225 237
208 238
143 239
112 240
52 241
113 242
178 243
72 244
200 245
164 246
154 247
39 248
25 249
7 250
248 251
66 252
78 253
218 254
120 255
62 256
167 257
144 258
178 259
18 260
49 261
26 262
146 263
152 264
59 265
233 266
250 267
152 268
50 269
43 270
125 271
20 272
234 273
7 274
251 275
252 276
249 277
243 278
77 279
157 280
106 281
31 282
88 283
276 284
99 285
190 286
129 287
100 288
69 289
96 290
175 291
48 292
49 293
279 294
4 295
49 296
279 297
90 298
224 299
42 300
22 301
11 302
77 303
15 304
162 305
238 306
180 307
218 308
8 309
77 310
298 311
202 312
207 313
250 314
269 315
310 316
169 317
173 318
125 319
215 320
55 321
43 322
316 323
183 324
302 325
184 326
277 327
320 328
144 329
324 330
223 331
33 332
300 333
292 334
216 335
17 336
155 337
167 338
204 339
277 340
64 341
127 342
33 343
1 344
68 345
304 346
260 347
335 348
145 349
303 350
101 351
337 352
72 353
170 354
324 355
303 356
123 357
284 358
105 359
5 360
198 361
145 362
213 363
126 364
40 365
20 366
13 367
222 368
138 369
252 370
125 371
187 372
358 373
261 374
185 375
289 376
117 377
214 378
155 379
2 380
193 381
326 382
296 383
351 384
60 385
375 386
283 387
174 388
186 389
332 390
74 391
30 392
100 393
191 394
5 395
288 396
103 397
159 398
261 399
396 400
253 401
136 402
268 403
141 404
51 405
20 406
263 407
39 408
126 409
224 410
256 411
306 412
117 413
360 414
10 415
88 416
118 417
131 418
342 419
214 420
139 421
29 422
119 423
422 424
125 425
118 426
131 427
276 428
344 429
377 430
242 431
336 432
206 433
296 434
229 435
101 436
144 437
74 438
161 439
102 440
12 441
426 442
365 443
162 444
240 445
28 446
233 447
183 448
85 449
298 450
386 451
370 452
315 453
329 454
286 455
111 456
26 457
103 458
374 459
113 460
53 461
418 462
369 463
159 464
419 465
270 466
158 467
297 468
259 469
359 470
307 471
174 472
93 473
165 474
160 475
305 476
338 477
278 478
194 479
441 480
105 481
247 482
2 483
430 484
232 485
99 486
389 487
12 488
298 489
93 490
440 491
137 492
119 493
347 494
3 495
488 496
333 497
426 498
342 499
471 500
